86
253.3 1.2
271.1 3.4
288.6 7.6
305.4 13.7
322.2 19.9
338.9 26.3
355.6 32.9
371.6 40.7
386.6 50.5
401.3 60.6
414.1 72.9
426.8 85.3
438.8 98.4
450.2 111.9
460.9 126.0
467.9 142.2
474.0 158.7
478.1 175.7
479.8 193.0
480.3 210.5
480.6 227.9
479.1 245.2
477.1 262.4
474.7 279.6
472.2 296.8
469.5 313.9
466.6 331.0
460.5 347.1
453.3 362.8
445.2 378.0
436.4 392.7
426.3 406.6
414.0 418.5
401.3 430.0
387.8 440.6
373.5 449.9
359.1 459.1
344.3 467.6
328.9 475.1
312.8 480.8
296.5 485.9
279.5 487.1
262.4 487.6
245.3 487.3
228.2 487.0
211.1 486.0
194.2 483.5
177.6 479.3
161.1 474.5
145.2 468.2
129.6 460.9
114.8 452.1
100.2 443.0
85.8 433.5
73.5 421.3
61.6 408.7
51.4 394.7
41.9 380.1
33.6 364.8
26.5 348.8
21.9 331.9
17.5 314.9
14.6 297.5
13.5 279.9
16.0 262.4
20.1 245.1
24.4 227.9
29.4 210.8
34.5 193.8
39.9 176.8
45.9 160.0
52.6 143.5
59.7 127.2
67.0 110.9
74.5 94.7
83.2 79.1
94.2 65.0
105.7 51.2
117.5 37.7
132.8 28.3
148.6 19.8
164.8 11.9
182.0 6.6
199.5 2.2
217.4 0.2
235.3 -0.0
