74
315.4 18.4
335.3 21.8
355.1 25.8
374.7 31.2
393.8 38.1
411.5 48.6
426.8 62.4
441.1 77.3
455.3 92.3
468.7 108.1
480.1 125.5
490.4 143.5
500.0 162.0
498.7 182.7
495.0 203.1
491.3 223.5
487.1 243.8
481.8 263.8
475.3 283.4
465.8 301.6
454.7 318.9
442.9 335.6
430.7 351.9
418.2 368.0
405.4 384.0
390.9 398.1
375.3 411.0
359.6 423.7
343.8 436.2
327.7 448.4
310.9 459.4
293.2 468.8
274.5 475.6
255.0 478.1
235.5 478.3
216.1 476.7
196.8 474.6
177.7 471.7
158.7 468.0
140.7 461.2
123.0 453.9
105.8 445.5
89.6 435.5
75.7 422.6
62.4 409.2
50.7 394.4
40.8 378.4
32.2 361.7
24.6 344.5
18.1 326.9
13.0 308.9
11.5 290.1
10.8 271.3
13.0 252.6
17.7 234.3
24.1 216.5
32.8 199.6
42.6 183.3
53.9 167.8
65.7 152.8
78.0 138.1
91.6 124.4
105.9 111.4
120.6 98.9
135.4 86.5
150.3 74.1
167.3 64.6
184.5 55.3
202.0 46.6
219.9 38.7
238.2 31.5
256.6 24.6
275.8 19.9
295.4 16.4
