58
237.0 20.5
260.5 24.6
283.7 30.4
306.8 36.5
329.3 44.6
351.3 54.5
370.9 69.0
388.3 86.5
404.9 104.9
421.4 123.4
437.2 142.7
452.8 162.1
466.2 183.5
475.2 207.6
480.7 233.1
484.7 259.1
488.3 285.2
491.8 311.3
494.9 337.5
491.1 364.4
486.2 391.2
475.6 417.0
459.9 440.5
438.7 460.1
415.9 477.9
388.0 487.4
359.9 496.0
330.7 500.0
301.3 498.2
271.9 496.1
242.6 493.4
213.4 489.8
184.9 483.0
162.3 465.4
140.1 447.4
119.8 427.5
100.1 407.2
80.4 386.9
60.9 366.4
41.7 345.6
28.1 321.6
16.6 296.6
7.2 271.1
3.8 244.8
4.6 218.7
8.6 193.3
14.0 168.3
20.4 143.6
32.9 122.2
49.0 103.8
66.2 86.6
84.0 70.0
103.2 55.5
122.5 41.0
144.3 31.4
166.5 22.7
189.7 17.5
213.4 17.2
