147
248.8 0.0
259.6 0.1
270.5 0.3
281.3 1.5
292.0 2.7
302.7 4.6
313.2 7.2
323.5 10.3
333.5 14.1
343.6 18.0
353.6 21.9
363.0 26.9
372.2 32.5
381.0 38.5
389.6 44.7
397.8 51.5
405.7 58.5
413.6 65.6
421.2 72.9
428.1 80.9
434.8 89.0
441.4 97.2
447.8 105.6
454.0 114.1
459.3 123.0
463.9 132.4
468.2 141.9
472.3 151.4
476.2 161.0
478.8 171.0
481.0 181.1
482.7 191.2
484.4 201.4
485.1 211.6
485.7 221.8
486.2 232.0
486.4 242.2
486.4 252.4
486.3 262.6
485.9 272.8
485.5 283.0
484.8 293.1
484.1 303.3
482.5 313.3
479.5 322.9
476.1 332.4
472.6 341.9
469.0 351.3
465.1 360.5
460.7 369.6
456.0 378.5
451.2 387.2
445.0 395.1
437.8 402.0
430.4 408.6
422.8 415.1
415.1 421.5
407.2 427.5
399.0 433.2
390.9 438.8
382.4 444.0
373.7 448.9
364.7 453.2
355.6 457.1
346.4 460.9
337.1 464.4
327.7 467.9
318.3 471.1
308.8 474.0
299.0 475.9
289.1 477.3
279.2 478.5
269.3 479.5
259.3 480.0
249.3 480.2
239.3 480.3
229.3 480.3
219.3 480.0
209.3 479.6
199.3 478.7
189.3 477.8
179.4 476.7
169.4 475.5
159.5 474.1
149.7 471.5
140.1 468.4
130.6 465.1
121.1 461.7
112.4 456.4
104.0 450.6
95.8 444.6
87.5 438.6
79.4 432.5
71.7 425.7
64.3 418.6
57.8 410.5
51.4 402.4
45.2 394.1
39.7 385.3
34.2 376.5
29.4 367.3
24.9 357.9
20.4 348.4
16.1 338.9
12.2 329.2
9.2 319.1
6.7 308.9
5.2 298.4
4.0 287.9
3.6 277.3
3.1 266.6
3.4 256.0
4.0 245.3
5.2 234.7
6.6 224.1
8.5 213.5
11.1 203.1
14.0 192.8
17.2 182.5
20.4 172.2
24.7 162.3
29.3 152.5
34.0 142.7
38.8 133.1
44.7 123.9
50.8 115.0
57.4 106.3
64.4 98.0
71.7 89.9
79.0 81.9
86.6 74.0
94.2 66.3
101.9 58.5
109.7 50.9
117.6 43.4
125.8 36.2
134.0 29.0
143.4 23.5
153.7 19.7
163.9 15.9
174.1 12.1
184.4 8.5
194.8 5.1
205.4 2.7
216.2 1.0
227.0 0.1
237.9 0.0
