155
237.8 0.1
248.0 0.2
258.3 0.4
268.6 0.8
278.8 2.1
289.0 3.4
299.0 5.4
309.1 7.6
319.0 10.2
328.7 13.4
338.2 17.2
347.7 21.0
357.2 24.9
366.1 29.8
374.8 35.1
383.5 40.5
391.8 46.4
400.0 52.5
407.7 59.1
415.2 65.9
422.6 72.8
429.8 80.0
436.3 87.7
442.6 95.6
448.8 103.6
454.8 111.7
460.6 119.9
465.7 128.6
469.9 137.7
474.0 146.9
477.8 156.1
481.4 165.5
483.8 175.1
485.9 184.9
487.4 194.7
488.9 204.5
489.5 214.4
490.0 224.3
490.4 234.2
490.5 244.0
490.4 253.9
490.2 263.8
489.9 273.7
489.4 283.5
488.6 293.3
487.9 303.2
486.3 312.9
483.4 322.2
480.0 331.4
476.6 340.5
473.1 349.6
469.3 358.6
465.1 367.4
460.6 376.0
455.9 384.5
450.0 392.2
444.0 399.9
437.0 406.6
429.9 413.1
422.6 419.4
415.2 425.6
407.6 431.5
399.7 437.1
391.9 442.6
383.7 447.7
375.4 452.5
366.8 456.8
358.0 460.7
349.1 464.4
340.2 467.9
331.2 471.4
322.1 474.6
313.0 477.5
303.6 479.4
294.1 481.0
284.6 482.2
275.0 483.3
265.5 483.9
255.9 484.4
246.3 484.6
236.7 484.8
227.1 484.6
217.5 484.3
207.9 483.7
198.3 483.0
188.7 482.1
179.1 481.1
169.6 479.9
160.3 477.6
151.0 474.8
141.9 471.8
132.7 468.7
124.4 463.8
116.3 458.5
108.4 452.9
100.5 447.3
92.6 441.6
85.2 435.3
78.1 428.7
71.6 421.3
65.4 413.8
59.2 406.3
53.2 398.6
47.2 390.8
41.9 382.6
36.6 374.3
31.9 365.7
27.5 356.9
23.2 348.0
19.1 339.1
15.3 330.0
12.3 320.5
9.9 310.9
8.3 301.1
7.2 291.2
6.6 281.3
6.2 271.3
5.8 261.3
6.0 251.3
6.5 241.3
7.5 231.4
8.6 221.4
9.8 211.4
11.6 201.5
13.9 191.7
16.6 182.0
19.6 172.4
22.6 162.7
26.6 153.4
30.9 144.3
35.3 135.1
39.8 126.0
45.4 117.5
51.2 109.1
57.3 101.0
63.9 93.3
70.8 85.7
77.7 78.2
84.8 70.8
92.1 63.6
99.3 56.4
106.6 49.3
114.1 42.3
121.8 35.6
129.6 28.9
138.5 23.8
148.2 20.3
157.8 16.9
167.5 13.4
177.3 10.1
187.1 7.1
197.0 4.3
207.0 2.1
217.2 0.7
227.5 0.0
