107
218.6 0.7
234.5 1.7
250.3 2.7
266.0 4.8
281.5 8.5
294.3 17.2
306.8 26.2
319.1 35.5
331.3 44.8
341.7 55.8
351.4 67.0
361.1 78.4
370.7 89.8
379.9 101.3
388.6 113.2
396.9 125.2
404.7 137.4
410.8 150.2
416.3 163.0
421.7 175.9
425.6 189.0
429.2 202.0
432.2 215.1
434.2 228.1
436.0 241.0
436.4 253.7
436.6 266.4
436.6 279.0
435.5 291.3
434.0 303.3
431.8 315.1
429.0 326.6
426.1 338.0
423.1 349.3
416.5 357.5
409.9 365.7
403.2 373.8
396.5 381.9
388.8 388.3
381.0 394.5
373.1 400.8
365.0 406.4
356.8 411.8
348.3 416.6
339.7 420.9
331.0 424.9
322.2 428.7
313.4 432.4
304.4 435.4
295.4 437.8
286.2 439.7
277.0 440.9
267.8 441.6
258.6 442.3
249.4 442.8
240.4 441.4
231.5 438.8
222.9 435.7
214.2 432.5
205.7 428.9
197.4 424.8
189.5 419.7
181.6 414.6
174.0 409.0
166.5 403.3
159.6 396.6
152.8 389.7
146.2 382.6
139.6 375.4
133.2 368.2
126.7 360.9
120.3 353.5
114.4 345.5
108.7 337.4
103.8 328.4
99.1 319.4
94.7 310.0
90.6 300.5
87.0 290.6
83.8 280.4
80.9 270.0
78.1 259.6
75.8 249.0
73.6 238.2
71.5 227.5
69.8 216.6
68.1 205.6
66.7 194.5
65.4 183.4
65.4 171.9
67.2 160.0
70.5 148.0
73.8 136.0
78.0 124.0
82.3 112.0
86.9 100.1
92.6 88.3
100.8 77.3
109.3 66.5
118.0 55.7
127.2 45.2
137.6 35.4
149.1 26.4
161.3 18.1
173.7 10.0
187.9 4.4
202.8 0.0
