100
257.2 2.9
273.7 4.1
290.1 6.1
306.1 9.8
321.7 15.2
337.2 20.7
352.6 26.3
368.0 32.1
382.8 39.0
396.7 47.5
410.4 56.4
422.4 67.2
434.4 78.0
445.7 89.5
456.6 101.3
466.8 113.6
473.8 127.7
480.0 142.1
484.5 156.9
486.9 172.1
488.3 187.3
489.5 202.4
489.2 217.5
488.3 232.6
487.2 247.5
486.0 262.5
484.6 277.5
483.0 292.4
478.7 306.5
473.4 320.1
468.1 333.8
462.0 347.1
455.3 360.0
447.5 372.1
438.5 383.2
428.8 393.6
418.7 403.7
408.0 412.9
396.5 421.1
384.9 429.1
373.1 436.7
360.8 443.4
348.4 450.0
336.0 456.5
323.0 461.5
309.8 466.0
296.1 468.2
282.4 470.2
268.5 471.3
254.7 471.8
240.8 471.8
226.9 471.6
213.1 471.4
199.2 470.7
185.5 468.6
172.0 465.1
158.7 461.0
145.8 455.7
133.1 449.8
120.6 443.6
108.7 436.1
96.9 428.3
85.5 420.1
74.0 411.8
63.5 402.4
53.3 392.5
43.5 382.1
34.2 371.2
26.3 359.1
18.9 346.6
12.7 333.4
7.5 319.7
4.4 305.1
1.6 290.5
0.0 275.6
0.0 260.4
3.1 245.3
7.6 230.4
12.3 215.6
17.5 200.9
22.9 186.2
28.5 171.7
34.6 157.2
41.4 143.0
48.5 129.0
55.8 115.0
63.2 101.0
71.7 87.6
82.2 75.5
93.1 63.6
104.2 52.0
118.0 43.4
132.0 34.9
146.2 26.8
160.9 19.5
175.8 12.8
191.7 8.3
207.7 4.6
224.2 2.9
240.7 2.9
