46
232.3 25.5
261.8 31.2
290.8 38.9
318.9 48.9
346.7 59.8
372.4 74.5
391.3 96.8
409.0 120.0
424.0 144.9
436.4 171.2
443.9 199.2
448.1 227.9
451.9 256.7
453.7 285.7
449.5 314.4
438.8 341.6
424.9 367.4
410.2 392.8
393.5 417.0
376.4 441.0
358.1 464.1
336.0 483.9
308.5 496.3
278.0 500.0
247.3 495.4
216.9 488.1
187.5 477.2
158.3 465.3
136.8 441.6
117.3 416.1
98.6 390.1
80.6 363.4
66.9 334.2
57.9 303.2
53.1 271.2
49.6 239.1
48.4 206.8
49.6 174.6
52.9 142.5
57.1 110.5
63.2 78.9
84.4 55.3
113.0 43.1
142.1 32.5
171.8 24.4
202.2 22.4
