195
263.8 31.3
270.7 31.8
277.5 32.5
284.3 33.4
291.2 34.2
298.0 35.6
304.7 37.1
311.4 39.1
318.1 41.1
324.7 43.2
331.3 45.5
337.9 48.2
344.4 50.9
350.8 53.8
357.2 56.8
363.5 60.0
369.8 63.2
376.0 66.6
382.3 70.0
388.4 73.6
394.3 77.7
400.1 82.0
405.9 86.3
411.3 91.1
416.8 95.9
422.2 100.7
427.6 105.6
432.7 110.8
437.8 116.1
442.9 121.4
447.6 127.1
452.2 132.9
456.4 139.1
460.4 145.4
464.3 151.8
467.6 158.6
470.8 165.5
473.8 172.5
476.8 179.5
479.6 186.6
482.1 193.9
484.5 201.2
486.7 208.5
488.9 215.9
491.0 223.4
492.9 230.9
494.5 238.5
496.0 246.1
497.2 253.9
498.3 261.6
499.0 269.5
499.6 277.3
500.0 285.2
499.9 293.1
499.8 301.1
497.9 309.0
495.1 316.6
492.1 324.2
489.1 331.8
485.4 339.1
481.5 346.4
477.6 353.6
473.4 360.7
469.0 367.7
463.6 374.0
458.2 380.3
452.6 386.4
446.7 392.3
440.8 398.1
434.8 403.9
428.8 409.6
422.7 415.3
416.3 420.7
409.6 425.6
402.8 430.4
395.9 435.1
388.9 439.7
381.9 444.2
374.7 448.3
367.4 452.4
360.0 456.2
352.3 459.2
344.5 462.2
336.7 465.0
328.8 467.5
320.8 469.6
312.7 471.6
304.6 473.5
296.5 474.8
288.3 475.9
280.1 476.8
271.9 477.2
263.7 477.6
255.5 477.9
247.3 478.0
239.1 478.2
231.0 478.0
222.8 477.7
214.7 477.1
206.6 476.4
198.4 475.8
190.3 474.9
182.4 473.4
174.5 471.6
166.7 469.8
158.9 467.7
151.2 465.5
143.5 463.2
135.9 460.8
128.4 458.0
121.0 455.1
113.9 451.5
107.3 447.4
101.7 442.2
96.1 436.9
90.5 431.6
85.0 426.3
79.8 420.7
75.1 414.9
70.4 408.9
65.8 403.0
61.4 396.9
57.1 390.7
53.5 384.2
49.9 377.7
46.4 371.2
43.0 364.6
40.0 357.9
37.0 351.2
34.1 344.5
31.9 337.5
29.8 330.6
28.1 323.6
26.8 316.5
25.7 309.5
24.9 302.4
24.3 295.3
23.8 288.2
23.6 281.2
23.8 274.2
24.3 267.2
24.7 260.2
25.2 253.2
25.9 246.2
26.7 239.3
27.6 232.4
28.7 225.5
29.9 218.7
31.0 211.8
32.6 205.1
34.4 198.4
36.3 191.8
38.4 185.3
40.9 178.9
43.4 172.5
46.1 166.3
48.9 160.0
51.7 153.8
54.9 147.8
58.3 141.9
61.8 136.2
65.6 130.5
69.7 125.2
74.0 120.0
78.5 115.0
83.0 109.9
87.5 104.9
92.6 100.5
97.8 96.3
103.0 92.0
108.3 88.0
113.8 84.1
119.2 80.1
124.7 76.3
130.4 72.7
136.0 69.1
141.8 65.6
147.7 62.5
153.7 59.4
159.7 56.4
165.8 53.7
171.9 50.9
178.1 48.3
184.5 46.1
190.9 43.9
197.3 41.8
203.7 39.9
210.2 37.9
216.8 36.5
223.4 35.1
230.0 33.9
236.7 33.0
243.5 32.1
250.2 31.4
257.0 30.8
