166
221.9 11.8
230.7 12.3
239.4 13.0
248.1 13.7
256.8 14.7
265.3 16.1
273.9 17.5
282.2 19.6
290.5 21.9
298.5 24.9
306.2 28.3
313.8 32.0
321.3 35.8
328.6 39.9
335.7 44.3
342.8 48.7
349.8 53.3
356.6 58.0
363.3 62.9
370.1 67.8
376.7 72.8
383.2 77.9
389.7 83.0
396.2 88.2
402.4 93.5
408.5 99.1
414.0 105.2
419.4 111.3
424.5 117.7
429.2 124.3
433.7 131.1
437.8 138.1
441.9 145.1
446.0 152.1
449.8 159.3
453.2 166.6
456.6 174.0
459.7 181.4
462.6 189.0
465.2 196.6
467.3 204.4
469.1 212.2
470.9 220.1
472.5 228.0
473.7 236.0
474.6 244.0
475.4 252.0
475.2 260.1
474.7 268.2
473.9 276.3
472.6 284.3
471.3 292.3
470.0 300.3
468.6 308.4
466.9 316.3
464.8 324.2
462.7 332.1
460.5 340.0
458.1 347.8
455.6 355.6
452.9 363.3
449.5 370.9
445.7 378.2
441.5 385.4
437.3 392.5
432.3 399.3
427.3 406.0
422.2 412.7
417.0 419.3
410.9 425.2
404.6 430.9
397.9 436.3
390.9 441.3
383.5 446.0
376.1 450.5
368.6 454.9
361.0 459.2
353.2 463.2
345.0 466.6
336.8 469.9
328.5 473.2
320.0 475.9
311.5 478.5
302.9 481.2
294.3 483.8
285.8 486.4
277.0 488.6
268.1 490.0
259.1 491.4
250.1 492.8
241.0 493.9
231.9 494.6
222.6 494.5
213.3 493.6
204.0 492.2
194.7 490.3
185.5 488.3
176.2 486.3
167.1 483.3
158.1 479.8
149.2 476.1
140.4 472.1
131.8 467.6
123.4 462.6
115.0 457.6
106.8 452.2
99.0 446.1
91.4 439.9
83.8 433.5
76.3 427.0
69.8 419.4
63.4 411.8
57.0 404.0
51.7 395.5
46.9 386.7
42.2 377.7
37.6 368.7
33.1 359.7
29.0 350.5
25.4 341.0
21.9 331.5
18.8 321.8
15.8 312.2
13.0 302.4
10.2 292.7
7.8 282.9
5.5 273.0
3.4 263.1
1.8 253.1
0.6 243.0
0.0 232.9
0.1 222.8
1.4 212.8
2.9 202.9
4.9 193.0
7.4 183.3
10.3 173.8
13.6 164.4
17.7 155.3
22.6 146.8
27.6 138.3
32.9 130.0
38.2 121.8
43.5 113.6
48.9 105.4
55.3 98.1
61.6 90.8
68.2 83.7
74.9 76.8
81.9 70.3
89.0 63.8
96.1 57.4
103.3 51.1
110.8 45.2
118.3 39.4
126.4 34.6
134.7 30.4
143.0 26.3
151.5 22.8
160.3 20.0
169.0 17.3
177.8 14.9
186.6 12.7
195.5 11.7
204.3 11.5
213.1 11.5
