156
215.4 6.1
224.9 6.6
234.3 7.3
243.7 8.1
253.1 9.1
262.5 10.2
271.7 11.9
280.6 14.3
289.5 16.9
298.1 20.2
306.5 24.0
314.7 28.1
322.7 32.3
330.6 36.8
338.3 41.7
345.9 46.6
353.4 51.6
360.8 56.8
368.1 62.1
375.3 67.5
382.4 73.0
389.5 78.6
396.6 84.2
403.5 89.9
410.3 95.7
416.8 101.9
422.7 108.6
428.2 115.5
433.2 122.8
438.1 130.2
442.5 137.8
447.0 145.5
451.4 153.1
455.1 161.1
458.5 169.2
461.6 177.5
464.5 185.8
466.8 194.3
468.8 202.8
470.6 211.4
472.5 220.0
473.8 228.7
474.8 237.4
475.7 246.1
475.5 254.9
475.0 263.7
474.2 272.5
472.9 281.3
471.6 290.0
470.2 298.7
468.7 307.4
466.9 316.1
464.7 324.7
462.5 333.3
460.2 341.9
457.7 350.4
455.1 358.9
452.2 367.3
448.6 375.5
444.5 383.5
440.1 391.3
435.6 399.1
430.2 406.4
424.8 413.7
419.3 420.9
412.8 427.4
406.1 433.7
398.9 439.6
391.5 445.1
383.6 450.2
375.7 455.3
367.6 460.0
359.3 464.4
350.5 468.2
341.8 471.9
333.0 475.5
323.9 478.5
314.8 481.5
305.7 484.5
296.5 487.4
287.4 490.3
278.0 492.8
268.5 494.5
258.9 496.1
249.3 497.8
239.6 499.0
229.8 499.9
219.9 500.0
210.0 499.1
200.1 497.7
190.2 495.7
180.3 493.7
170.7 490.1
161.2 486.3
151.8 482.0
142.6 477.4
133.6 472.2
124.7 466.9
115.9 461.3
107.6 454.9
99.5 448.4
91.4 441.6
83.4 434.8
76.5 426.8
69.6 418.7
62.9 410.6
57.2 401.5
52.0 392.2
47.1 382.7
42.2 373.2
37.4 363.7
33.0 353.9
29.2 343.9
25.6 333.8
22.3 323.6
19.1 313.4
16.1 303.1
13.1 292.8
10.6 282.3
8.2 271.9
6.0 261.4
4.4 250.8
3.1 240.1
2.5 229.4
2.6 218.7
4.0 208.1
5.7 197.6
7.9 187.2
10.7 176.9
13.8 166.8
17.4 156.8
21.8 147.3
27.1 138.2
32.5 129.3
38.2 120.6
43.9 111.8
49.7 103.1
55.5 94.6
62.4 86.8
69.3 79.1
76.3 71.7
83.5 64.4
91.1 57.5
98.7 50.7
106.5 44.1
114.6 37.9
122.7 31.8
131.4 26.8
140.3 22.4
149.3 18.2
158.5 14.5
167.9 11.7
177.3 9.3
186.8 7.0
196.4 6.1
205.9 6.0
