129
276.5 8.8
288.4 9.6
300.1 11.3
311.5 13.8
322.9 16.7
334.3 19.6
345.6 22.8
356.3 27.3
366.9 32.0
377.5 36.8
388.0 41.8
397.8 47.8
407.4 54.0
416.7 60.8
424.4 69.1
432.1 77.4
439.0 86.3
444.9 95.8
450.4 105.6
455.4 115.6
459.9 125.7
464.1 136.0
468.3 146.3
471.7 156.9
474.7 167.5
476.5 178.4
477.1 189.4
477.8 200.4
478.4 211.4
478.9 222.3
478.5 233.3
477.9 244.3
476.6 255.1
474.6 265.9
472.5 276.6
470.0 287.3
467.3 297.9
464.5 308.5
460.8 318.8
457.0 329.0
452.9 339.2
448.1 349.0
442.2 358.2
436.0 367.2
429.8 376.3
422.5 384.5
415.1 392.6
407.5 400.6
399.8 408.5
392.1 416.3
383.7 423.4
375.3 430.6
366.4 437.1
357.3 443.4
348.0 449.5
338.6 455.4
329.0 460.9
319.1 466.0
308.9 470.4
298.6 474.7
288.1 478.7
277.5 482.3
266.5 484.6
255.4 486.5
244.1 488.0
232.9 489.4
221.5 489.8
210.1 489.1
198.8 486.5
187.7 483.4
176.5 480.2
165.4 477.0
154.3 473.3
143.4 469.4
132.5 465.2
121.6 460.9
110.8 456.5
100.3 451.1
90.3 444.9
81.0 437.5
71.7 430.0
62.7 422.3
53.9 414.1
45.3 405.8
36.8 397.4
28.7 388.5
22.5 378.1
17.0 367.2
12.8 355.7
8.8 344.1
5.9 332.2
3.6 320.1
2.3 307.8
1.1 295.5
-0.0 283.2
0.3 270.8
2.9 258.6
5.6 246.5
8.5 234.5
11.7 222.4
15.8 210.7
20.0 199.0
25.0 187.6
30.2 176.4
35.8 165.2
41.7 154.3
48.0 143.6
54.3 132.9
61.0 122.5
67.7 112.0
74.5 101.6
83.3 93.0
92.2 84.4
101.4 76.1
111.0 68.5
120.7 60.9
130.6 53.5
140.5 46.2
150.8 39.6
161.3 33.2
171.8 27.0
182.5 21.0
193.5 15.8
204.9 11.5
216.9 10.5
228.8 9.7
240.7 9.3
252.7 8.9
264.6 8.8
