158
217.1 7.0
226.3 7.5
235.5 8.2
244.7 9.0
253.9 10.0
263.0 11.1
272.0 12.7
280.7 15.1
289.4 17.7
297.8 20.9
305.9 24.7
313.9 28.7
321.7 32.8
329.4 37.3
336.9 42.1
344.3 46.9
351.6 51.8
358.8 56.9
365.9 62.2
372.9 67.5
379.9 72.9
386.8 78.4
393.6 83.9
400.3 89.5
406.9 95.3
413.3 101.3
419.1 107.9
424.7 114.5
430.1 121.3
435.0 128.5
439.7 135.8
443.9 143.3
448.2 150.8
452.5 158.4
456.1 166.2
459.3 174.2
462.3 182.3
465.0 190.5
467.2 198.9
469.1 207.3
470.9 215.8
472.6 224.2
473.8 232.8
474.7 241.4
475.5 250.0
475.3 258.6
474.7 267.3
473.8 276.0
472.4 284.6
471.0 293.2
469.6 301.8
468.0 310.4
466.2 318.9
464.0 327.4
461.7 335.8
459.3 344.2
456.7 352.6
454.1 361.0
451.2 369.3
447.6 377.4
443.4 385.2
439.0 393.0
434.5 400.6
429.1 407.8
423.7 415.0
418.2 422.1
411.7 428.5
405.0 434.7
397.9 440.5
390.4 446.0
382.6 451.0
374.8 455.9
366.7 460.6
358.4 464.9
349.7 468.7
341.0 472.3
332.3 475.9
323.2 478.9
314.2 481.8
305.1 484.7
296.0 487.6
286.9 490.4
277.7 492.9
268.1 494.6
258.6 496.2
249.1 497.8
239.4 499.0
229.7 499.9
219.9 500.0
210.0 499.1
200.2 497.7
190.4 495.8
180.5 493.8
171.0 490.2
161.6 486.5
152.2 482.3
143.1 477.8
134.2 472.6
125.3 467.4
116.6 461.9
108.3 455.6
100.2 449.2
92.2 442.5
84.2 435.8
77.3 427.9
70.5 420.0
63.7 411.9
58.0 403.1
52.9 393.8
47.9 384.5
43.0 375.2
38.2 365.8
33.8 356.1
30.0 346.3
26.3 336.4
23.0 326.3
19.8 316.2
16.7 306.1
13.7 295.9
11.2 285.6
8.7 275.4
6.4 265.0
4.7 254.6
3.4 244.1
2.7 233.5
2.8 223.0
4.1 212.6
5.6 202.2
7.7 191.9
10.3 181.9
13.4 171.9
16.8 162.1
21.1 152.7
26.2 143.8
31.4 135.0
36.9 126.3
42.5 117.8
48.1 109.2
53.8 100.7
60.4 93.1
67.1 85.6
74.0 78.2
81.0 71.0
88.4 64.3
95.8 57.6
103.3 50.9
110.8 44.4
118.7 38.3
126.6 32.3
135.1 27.4
143.8 23.1
152.6 18.9
161.5 15.3
170.7 12.5
179.9 10.2
189.2 8.0
198.5 7.0
207.8 6.9
