128
276.9 7.7
288.8 8.5
300.5 10.2
312.0 12.8
323.5 15.7
334.9 18.7
346.2 21.9
357.0 26.5
367.6 31.3
378.3 36.2
388.8 41.2
398.6 47.3
408.3 53.6
417.6 60.5
425.4 68.9
433.0 77.3
440.0 86.3
445.8 96.0
451.2 105.9
456.3 116.0
460.7 126.3
464.9 136.7
469.1 147.2
472.4 157.9
475.4 168.7
477.1 179.7
477.6 190.8
478.2 202.0
478.7 213.1
479.1 224.2
478.6 235.3
478.0 246.4
476.5 257.5
474.5 268.4
472.3 279.3
469.6 290.1
466.8 300.8
463.9 311.5
460.0 321.9
456.1 332.4
451.9 342.6
446.9 352.6
440.8 361.9
434.5 371.1
428.1 380.2
420.7 388.6
413.0 396.8
405.3 404.9
397.4 412.9
389.5 420.8
380.9 428.1
372.4 435.3
363.2 441.9
353.9 448.3
344.4 454.5
334.9 460.5
325.0 466.0
314.9 471.2
304.4 475.7
294.0 480.1
283.3 484.1
272.5 487.8
261.2 490.1
249.8 492.1
238.4 493.5
226.8 493.9
215.1 493.2
203.6 490.5
192.2 487.5
180.8 484.3
169.5 481.0
158.2 477.2
147.0 473.3
135.9 469.1
124.8 464.7
113.7 460.3
103.1 454.9
92.8 448.6
83.3 441.1
73.8 433.5
64.6 425.7
55.7 417.4
46.8 409.0
38.1 400.6
29.9 391.6
23.5 381.0
17.8 370.0
13.5 358.4
9.4 346.7
6.3 334.6
3.9 322.3
2.5 309.9
1.2 297.5
0.0 285.0
0.2 272.5
2.7 260.2
5.4 248.0
8.3 235.8
11.4 223.6
15.4 211.7
19.7 199.9
24.6 188.4
29.8 177.0
35.3 165.7
41.2 154.7
47.5 143.9
53.8 133.0
60.5 122.5
67.2 111.9
74.0 101.4
82.9 92.7
91.7 84.0
101.0 75.7
110.6 67.9
120.3 60.2
130.2 52.8
140.2 45.4
150.5 38.7
161.0 32.3
171.7 26.0
182.4 19.9
193.4 14.7
204.9 10.4
216.9 9.3
228.9 8.6
240.9 8.1
252.9 7.8
264.9 7.7
