102
222.9 0.5
239.4 1.2
255.8 1.9
272.2 3.8
285.5 12.6
298.5 21.6
311.3 31.0
324.0 40.4
334.7 51.5
344.9 62.9
354.9 74.4
364.8 85.9
374.4 97.7
383.5 109.7
392.0 121.9
400.2 134.3
406.4 147.3
412.2 160.4
417.8 173.5
421.8 186.8
425.5 200.0
428.6 213.3
430.7 226.5
432.5 239.7
432.9 252.7
433.1 265.5
433.0 278.4
431.8 290.8
430.2 303.1
427.9 315.0
425.0 326.7
421.9 338.2
418.7 349.7
411.9 358.0
404.9 366.1
397.9 374.3
391.0 382.4
382.9 388.7
374.7 395.0
366.5 401.1
358.0 406.6
349.4 412.0
340.5 416.7
331.5 420.8
322.4 424.7
313.2 428.3
304.0 431.9
294.7 434.7
285.2 436.8
275.6 438.5
266.0 439.5
256.4 439.9
246.8 440.3
237.2 440.5
227.7 438.7
218.5 435.7
209.4 432.2
200.4 428.5
191.5 424.5
182.8 419.9
174.5 414.3
166.3 408.7
158.3 402.6
151.1 395.3
144.0 387.8
137.1 380.1
130.2 372.3
123.4 364.4
116.8 356.4
110.6 347.8
104.6 339.0
99.5 329.4
94.5 319.6
89.9 309.6
85.6 299.3
81.8 288.7
78.5 277.7
75.6 266.6
73.1 255.2
70.9 243.6
68.6 232.1
66.8 220.4
65.3 208.6
64.0 196.7
63.9 184.3
65.7 171.6
69.1 158.8
72.6 146.0
76.9 133.2
81.4 120.5
86.1 107.7
92.0 95.1
100.5 83.4
109.4 71.7
118.3 60.2
127.9 48.9
138.8 38.4
150.6 28.7
163.4 19.8
176.2 11.0
191.0 4.9
206.4 0.0
