178
241.2 13.6
249.1 14.2
257.0 15.1
264.8 16.0
272.6 17.4
280.2 19.3
287.8 21.2
295.4 23.2
302.9 25.5
310.3 28.0
317.7 30.6
325.1 33.1
332.4 35.8
339.6 38.7
346.8 41.7
353.9 44.8
361.0 47.9
368.0 51.4
374.7 55.2
381.1 59.4
387.2 64.1
393.0 69.2
398.5 74.5
403.9 79.8
409.1 85.5
413.8 91.4
418.4 97.5
422.7 103.8
426.7 110.3
430.6 116.8
434.3 123.5
437.9 130.1
441.5 136.9
445.1 143.6
448.5 150.3
451.7 157.3
454.2 164.4
456.7 171.6
459.2 178.8
461.5 186.0
463.7 193.3
465.4 200.7
466.8 208.2
467.7 215.8
468.1 223.4
468.4 231.0
467.9 238.7
467.3 246.3
466.6 254.0
465.8 261.6
464.8 269.2
463.7 276.8
462.6 284.4
461.0 292.0
459.3 299.5
457.5 307.0
455.7 314.5
453.6 322.0
451.5 329.4
448.8 336.7
446.0 343.9
442.8 351.1
439.5 358.1
435.7 365.0
431.3 371.6
426.8 378.0
422.3 384.5
417.6 390.8
412.8 397.2
407.8 403.3
402.6 409.3
397.4 415.3
392.0 421.3
386.7 427.1
381.3 433.0
375.8 438.8
370.3 444.6
364.6 450.2
358.9 455.8
352.4 460.6
345.4 464.8
338.2 468.7
330.9 472.4
323.5 476.0
316.1 479.5
308.6 482.9
300.8 485.9
293.1 488.8
285.2 491.3
277.1 493.4
268.9 495.1
260.6 496.5
252.3 497.6
243.9 498.8
235.5 499.6
227.0 499.8
218.5 500.0
210.0 500.0
201.5 498.5
193.0 497.0
184.6 495.0
176.3 492.6
168.0 490.0
159.8 486.8
151.7 483.6
144.3 478.9
137.2 473.6
130.2 468.1
123.5 462.4
117.0 456.3
110.6 450.1
104.4 443.7
98.3 437.3
92.2 430.7
86.3 424.1
80.5 417.3
75.0 410.3
69.7 403.1
64.4 395.9
59.4 388.5
54.6 381.0
50.3 373.1
46.1 365.2
42.0 357.2
38.0 349.2
34.1 341.2
30.3 333.1
26.7 324.9
23.6 316.5
20.9 308.0
18.8 299.3
17.2 290.5
15.7 281.7
14.6 272.8
13.5 264.0
13.2 255.1
13.1 246.2
13.3 237.3
14.0 228.4
15.3 219.7
16.8 211.0
19.7 202.7
22.7 194.5
25.7 186.3
29.4 178.4
33.3 170.6
37.3 162.8
41.3 155.1
45.3 147.4
49.7 139.9
54.1 132.5
58.6 125.1
63.4 117.9
68.2 110.8
73.3 103.8
78.4 96.9
83.6 90.1
89.2 83.6
94.9 77.2
100.6 70.9
106.4 64.6
112.7 59.0
119.4 53.9
126.1 48.8
133.1 44.3
140.2 39.8
147.5 35.9
154.9 32.0
162.4 28.7
170.0 25.4
177.7 22.6
185.5 19.9
193.3 17.5
201.2 15.4
209.2 14.3
217.2 13.8
225.2 13.5
233.2 13.3
