137
253.5 29.8
263.5 32.0
273.4 35.0
283.3 38.1
293.1 41.5
302.7 45.4
312.3 49.3
321.8 53.5
331.3 57.7
340.7 62.1
349.8 67.0
358.9 72.1
368.0 77.2
376.8 82.7
385.5 88.4
393.7 94.9
401.9 101.4
409.7 108.5
417.3 115.6
424.9 122.9
432.2 130.4
439.4 138.0
446.6 145.7
453.6 153.6
459.6 162.2
465.7 170.9
471.5 179.7
477.2 188.6
482.7 197.7
487.6 207.1
491.1 217.1
494.5 227.3
497.8 237.4
499.5 248.0
499.9 258.8
500.0 269.6
499.0 280.3
496.9 291.0
494.7 301.6
491.5 312.0
488.0 322.3
484.4 332.6
479.1 342.2
473.4 351.5
467.6 360.8
461.7 370.0
455.5 379.0
448.9 387.8
442.2 396.5
435.3 405.0
428.4 413.5
420.7 421.4
412.6 428.8
404.3 436.0
395.6 442.8
386.1 448.3
376.5 453.6
366.6 458.5
356.4 462.5
345.9 466.0
335.5 469.4
324.8 472.2
314.1 474.4
303.2 476.1
292.3 477.4
281.4 478.3
270.4 478.9
259.5 478.2
248.6 477.4
237.6 476.6
227.0 474.2
216.3 471.8
206.0 468.3
196.1 463.9
186.2 459.4
176.4 454.8
166.7 450.0
157.1 444.9
147.6 439.7
138.4 433.9
129.4 428.0
120.4 422.0
111.9 415.4
103.5 408.6
95.3 401.7
87.6 394.1
80.0 386.5
73.0 378.4
66.3 370.1
59.7 361.6
53.5 353.0
47.5 344.1
41.8 335.2
36.2 326.1
32.2 316.3
28.1 306.5
24.4 296.6
21.1 286.6
18.0 276.5
15.5 266.2
13.1 256.0
11.7 245.6
10.7 235.1
10.6 224.7
10.9 214.2
11.6 203.9
12.7 193.5
13.9 183.2
15.4 172.9
17.4 162.7
19.9 152.6
23.8 143.0
28.4 133.8
35.2 126.1
42.0 118.4
49.2 111.1
56.7 104.1
64.7 97.7
72.9 91.5
81.3 85.6
89.9 80.1
98.6 74.7
107.4 69.5
116.4 64.5
125.5 59.8
134.7 55.3
143.9 50.8
153.1 46.4
162.5 42.3
172.3 39.2
182.2 36.7
192.2 34.5
202.3 32.4
212.5 31.2
222.7 30.2
232.9 29.7
243.2 29.3
