45
233.5 25.8
263.3 32.2
292.6 40.6
321.0 51.3
349.0 63.0
375.0 78.6
394.0 102.0
411.7 126.3
426.6 152.4
439.0 179.9
446.2 209.1
450.1 239.1
453.5 269.1
455.0 299.3
450.2 329.3
438.9 357.7
424.2 384.6
408.8 411.2
391.2 436.5
373.3 461.6
350.2 482.5
321.5 495.6
290.0 500.0
258.0 495.8
226.5 488.8
195.9 478.2
165.6 466.6
143.2 442.8
122.7 417.2
103.1 391.0
84.3 364.2
69.8 334.8
60.2 303.6
54.8 271.3
50.8 238.9
49.2 206.4
49.9 173.8
52.9 141.5
56.9 109.2
62.7 77.3
84.0 53.7
112.8 41.7
142.3 31.4
172.3 23.6
203.1 22.1
