97
266.7 3.1
283.5 4.8
300.1 8.4
316.0 13.8
332.0 19.1
347.9 24.7
363.7 30.4
379.0 37.2
393.3 45.8
407.3 54.7
419.7 65.6
432.0 76.5
443.6 88.0
454.8 100.0
465.2 112.5
472.3 126.8
478.7 141.3
483.3 156.4
485.7 171.8
487.0 187.2
488.1 202.7
487.8 218.0
486.8 233.3
485.5 248.5
484.2 263.7
482.7 278.9
480.9 294.0
476.4 308.3
470.8 322.2
465.3 336.0
458.9 349.5
451.9 362.5
443.7 374.8
434.3 386.0
424.1 396.5
413.6 406.6
402.4 415.9
390.5 424.1
378.5 432.1
366.1 439.6
353.3 446.3
340.4 452.8
327.5 459.2
313.9 464.2
300.2 468.6
285.9 470.5
271.6 472.3
257.2 473.2
242.8 473.5
228.4 473.1
214.0 472.7
199.5 472.2
185.1 471.2
170.8 468.7
156.8 464.8
142.9 460.3
129.5 454.5
116.3 448.2
103.2 441.4
90.8 433.4
78.6 425.0
66.6 416.3
56.0 405.8
45.8 394.7
36.0 383.2
27.8 370.4
20.1 357.2
13.6 343.3
8.1 328.8
4.9 313.5
1.8 298.0
0.1 282.3
0.0 266.4
3.1 250.4
7.7 234.8
12.4 219.1
17.8 203.7
23.2 188.2
29.0 172.8
35.2 157.6
42.1 142.7
49.4 127.8
56.8 113.1
64.5 98.4
73.1 84.2
83.9 71.4
95.0 58.8
106.5 46.5
120.9 37.5
135.4 28.8
150.6 21.0
165.9 13.8
182.2 8.9
198.8 4.7
215.7 2.7
232.7 2.4
249.7 2.2
