163
217.3 8.4
226.2 8.9
235.1 9.6
244.0 10.4
252.9 11.3
261.6 12.8
270.4 14.2
278.9 16.4
287.3 18.7
295.5 21.7
303.3 25.3
311.1 29.0
318.7 33.0
326.2 37.1
333.5 41.7
340.7 46.2
347.8 50.9
354.8 55.7
361.6 60.7
368.5 65.7
375.2 70.9
381.9 76.1
388.6 81.3
395.1 86.6
401.5 92.1
407.7 97.8
413.3 104.1
418.8 110.4
424.0 116.9
428.7 123.7
433.3 130.7
437.5 137.9
441.6 145.1
445.8 152.2
449.6 159.6
453.1 167.1
456.5 174.6
459.7 182.3
462.6 190.0
465.2 197.9
467.3 205.9
469.2 213.9
470.9 222.0
472.5 230.1
473.7 238.3
474.6 246.5
475.3 254.8
475.1 263.1
474.5 271.4
473.7 279.6
472.3 287.9
470.9 296.1
469.5 304.3
468.0 312.6
466.2 320.7
464.0 328.8
461.8 336.9
459.5 345.0
457.0 353.0
454.4 361.0
451.6 369.0
448.0 376.7
444.0 384.2
439.7 391.6
435.3 398.9
430.2 405.9
424.9 412.7
419.7 419.6
414.3 426.3
408.0 432.5
401.4 438.3
394.5 443.8
387.2 449.0
379.6 453.7
372.0 458.4
364.1 462.8
356.0 466.9
347.6 470.4
339.1 473.8
330.6 477.2
321.8 479.9
313.0 482.7
304.1 485.3
295.3 488.0
286.4 490.7
277.4 492.9
268.1 494.4
258.9 495.8
249.6 497.3
240.2 498.3
230.7 499.1
221.2 499.0
211.6 498.0
202.0 496.5
192.4 494.6
182.8 492.6
173.3 490.5
164.0 486.9
154.8 483.1
145.7 478.9
136.8 474.4
128.1 469.2
119.5 464.0
111.0 458.5
102.9 452.3
95.0 445.9
87.2 439.2
79.5 432.6
72.7 424.8
66.1 416.9
59.5 409.0
53.9 400.2
48.9 391.1
44.1 381.9
39.3 372.7
34.6 363.4
30.4 353.9
26.6 344.1
23.0 334.4
19.8 324.4
16.7 314.5
13.7 304.5
10.7 294.5
8.3 284.4
5.8 274.2
3.7 264.0
2.0 253.7
0.7 243.4
0.0 233.0
0.0 222.6
1.3 212.3
2.8 202.1
4.8 192.0
7.4 182.0
10.3 172.2
13.6 162.5
17.8 153.2
22.7 144.4
27.9 135.7
33.2 127.2
38.6 118.7
44.0 110.3
49.6 101.9
56.0 94.4
62.5 86.9
69.2 79.6
76.0 72.4
83.2 65.7
90.4 59.1
97.7 52.5
105.0 46.0
112.6 40.0
120.3 34.0
128.6 29.1
137.0 24.8
145.6 20.6
154.3 16.9
163.2 14.1
172.2 11.6
181.2 9.3
190.2 8.3
199.3 8.1
208.3 8.0
