99
266.9 2.4
283.6 4.3
300.0 8.0
315.9 13.5
331.7 18.9
347.5 24.5
363.2 30.3
378.4 37.2
392.6 45.7
406.6 54.6
418.9 65.5
431.2 76.4
442.8 87.9
454.0 99.7
464.4 112.1
471.6 126.3
478.1 140.8
482.8 155.7
485.4 171.0
486.9 186.3
488.2 201.6
488.1 216.8
487.4 231.9
486.3 247.0
485.3 262.1
484.0 277.1
482.5 292.1
478.3 306.3
473.1 320.1
467.9 333.8
461.9 347.2
455.2 360.1
447.5 372.4
438.5 383.5
428.8 394.0
418.7 404.1
408.0 413.3
396.5 421.6
384.9 429.6
373.0 437.1
360.7 443.9
348.3 450.4
335.9 456.9
322.9 462.0
309.7 466.4
295.9 468.5
282.2 470.5
268.3 471.5
254.4 472.0
240.5 471.8
226.6 471.5
212.7 471.3
198.8 470.5
185.0 468.2
171.5 464.6
158.2 460.4
145.3 454.9
132.5 448.9
120.0 442.5
108.0 434.8
96.3 426.8
84.8 418.4
73.4 410.0
62.8 400.3
52.6 390.1
42.9 379.5
33.6 368.5
25.7 356.1
18.4 343.4
12.3 329.9
7.2 315.9
4.2 301.1
1.4 286.2
0.0 270.9
0.1 255.5
3.4 240.1
8.1 225.0
13.0 209.8
18.4 194.9
24.0 179.9
29.8 165.1
36.2 150.4
43.2 135.9
50.5 121.6
58.0 107.3
65.7 93.1
74.4 79.4
85.2 67.0
96.3 54.9
107.8 43.1
122.1 34.4
136.6 26.1
151.6 18.7
166.9 11.7
183.1 7.2
199.5 3.3
216.3 1.5
233.2 1.4
250.0 1.3
