88
252.9 1.1
270.7 3.1
288.1 7.1
304.9 13.0
321.7 18.9
338.4 25.1
355.1 31.5
371.2 39.0
386.1 48.4
400.9 58.2
413.7 70.2
426.6 82.2
438.6 94.9
450.2 108.0
461.0 121.7
468.2 137.4
474.6 153.4
478.9 169.9
481.0 186.8
481.8 203.8
482.4 220.7
481.4 237.5
479.7 254.3
477.7 271.0
475.7 287.6
473.4 304.3
470.9 320.9
465.3 336.6
458.6 351.8
451.1 366.6
442.8 380.9
433.3 394.4
421.6 405.9
409.5 417.1
396.7 427.3
383.1 436.3
369.3 445.1
355.2 453.4
340.5 460.6
325.8 467.7
310.4 473.2
294.8 478.1
278.6 480.2
262.3 481.2
246.0 481.6
229.6 481.2
213.2 480.8
196.9 479.8
180.7 477.2
164.8 473.0
149.0 468.2
133.8 461.9
118.9 454.7
104.8 446.0
90.9 437.0
77.2 427.5
65.5 415.5
54.2 403.1
44.6 389.2
35.6 374.9
27.9 359.8
21.3 344.0
17.1 327.4
13.2 310.6
10.8 293.5
10.0 276.2
12.8 259.0
17.2 241.9
21.8 225.0
27.0 208.2
32.3 191.4
38.0 174.7
44.2 158.2
51.2 141.9
58.5 125.8
66.0 109.8
73.7 93.9
82.5 78.5
93.7 64.6
105.2 51.0
117.1 37.7
132.5 28.3
148.3 19.9
164.5 12.0
181.7 6.8
199.1 2.3
217.0 0.3
235.0 0.0
