140
250.8 28.9
260.6 31.0
270.2 33.9
279.7 36.9
289.2 40.2
298.5 44.0
307.8 47.7
317.0 51.7
326.2 55.8
335.3 60.1
344.2 64.9
353.0 69.8
361.8 74.8
370.4 79.9
379.0 85.3
387.4 90.8
395.4 97.1
403.3 103.5
410.8 110.3
418.2 117.3
425.4 124.4
432.5 131.7
439.5 139.2
446.4 146.7
453.1 154.4
458.9 162.8
464.7 171.3
470.4 179.8
475.8 188.6
481.0 197.4
485.8 206.6
489.0 216.4
492.2 226.3
495.3 236.2
498.2 246.2
499.8 256.6
500.0 267.1
500.0 277.7
498.8 288.2
496.6 298.6
494.3 309.0
491.0 319.1
487.4 329.2
483.8 339.3
478.4 348.6
472.6 357.7
466.8 366.8
460.8 375.8
454.6 384.6
447.9 393.2
441.2 401.7
434.3 410.0
427.3 418.3
419.7 426.0
411.5 433.2
403.2 440.2
394.5 446.8
385.0 452.2
375.4 457.3
365.5 462.1
355.3 466.0
344.9 469.3
334.4 472.6
323.9 475.4
313.1 477.4
302.3 479.0
291.4 480.3
280.5 481.1
269.6 481.6
258.7 480.8
247.8 480.0
236.9 479.1
226.2 476.7
215.6 474.3
205.3 470.7
195.4 466.4
185.6 461.8
175.7 457.3
166.0 452.4
156.5 447.3
147.0 442.2
137.8 436.4
128.7 430.6
119.8 424.6
111.3 417.9
102.8 411.2
94.6 404.3
86.9 396.9
79.3 389.3
72.3 381.2
65.5 373.0
58.9 364.6
52.6 356.0
46.6 347.2
40.8 338.3
35.2 329.3
31.1 319.6
26.9 309.9
23.2 300.1
19.7 290.2
16.5 280.2
14.0 270.0
11.5 259.9
9.9 249.6
8.8 239.2
8.6 228.9
8.7 218.5
9.3 208.2
10.1 198.0
11.3 187.7
12.5 177.5
14.4 167.4
16.7 157.4
20.4 148.0
24.8 138.8
31.3 131.2
37.9 123.5
44.8 116.3
52.0 109.3
59.8 102.9
67.7 96.8
75.8 90.9
83.9 85.1
92.3 79.6
100.7 74.2
109.2 69.0
117.9 64.0
126.7 59.3
135.6 54.8
144.5 50.3
153.5 45.9
162.6 41.8
172.0 38.7
181.7 36.1
191.4 33.9
201.1 31.8
211.0 30.6
220.9 29.5
230.9 28.9
240.8 28.5
