104
223.4 0.6
239.7 1.4
256.0 2.3
272.2 4.3
285.4 13.0
298.3 22.0
311.0 31.4
323.6 40.7
334.3 51.7
344.4 63.0
354.3 74.5
364.2 85.9
373.8 97.6
382.8 109.5
391.4 121.6
399.5 134.0
405.8 146.8
411.5 159.8
417.2 172.8
421.2 186.0
425.1 199.1
428.2 212.3
430.4 225.4
432.3 238.5
432.9 251.3
433.2 264.1
433.2 276.8
432.2 289.2
430.8 301.3
428.6 313.2
425.9 324.8
423.0 336.2
420.0 347.7
413.4 355.9
406.7 364.0
400.0 372.1
393.3 380.2
385.5 386.6
377.6 392.8
369.7 399.0
361.5 404.6
353.2 409.9
344.7 414.7
336.0 418.9
327.1 422.8
318.3 426.6
309.4 430.2
300.3 433.0
291.2 435.3
281.9 437.1
272.7 438.1
263.3 438.7
254.0 439.2
244.7 439.6
235.6 438.0
226.7 435.2
217.9 431.8
209.2 428.4
200.6 424.5
192.2 420.2
184.3 414.8
176.3 409.4
168.6 403.5
161.1 397.4
154.1 390.4
147.3 383.2
140.6 375.8
134.0 368.3
127.5 360.7
121.0 353.1
114.6 345.3
108.6 337.0
102.9 328.5
98.0 319.2
93.3 309.8
88.9 300.1
84.8 290.1
81.2 279.8
78.1 269.2
75.4 258.4
73.1 247.3
71.0 236.2
69.0 225.0
67.3 213.7
66.0 202.2
64.8 190.6
64.9 178.6
66.8 166.3
70.3 153.8
73.8 141.4
78.2 129.0
82.7 116.6
87.5 104.2
93.4 92.0
101.9 80.6
110.7 69.3
119.7 58.1
129.3 47.2
140.0 37.0
151.8 27.6
164.4 19.0
177.2 10.6
191.9 4.7
207.1 0.0
