119
291.7 14.8
303.9 17.3
316.0 20.2
328.1 23.1
340.2 26.3
351.6 30.8
362.9 35.7
374.1 40.6
385.3 45.7
395.8 51.9
406.1 58.3
415.9 65.4
424.1 74.0
431.6 83.2
437.8 93.2
443.6 103.4
448.9 113.8
453.7 124.5
458.2 135.3
462.6 146.1
466.2 157.1
469.4 168.3
471.2 179.7
471.9 191.3
472.6 202.8
473.1 214.3
473.6 225.8
473.2 237.3
472.5 248.8
471.0 260.2
468.8 271.5
466.0 282.6
463.1 293.8
460.1 304.8
456.1 315.6
452.0 326.4
447.6 337.0
442.4 347.3
436.0 356.9
429.3 366.4
422.6 375.8
414.9 384.4
406.8 392.8
398.7 401.1
390.5 409.3
382.1 417.4
373.1 424.9
364.1 432.3
354.5 439.1
344.7 445.5
334.8 451.8
324.7 457.9
314.4 463.6
303.8 468.8
292.8 473.3
281.5 477.3
270.2 480.9
258.3 483.1
246.4 485.0
234.3 486.3
222.1 486.4
209.9 485.5
197.8 482.4
185.8 478.9
173.8 475.3
161.8 471.6
150.0 467.4
138.2 463.0
126.5 458.3
114.9 453.5
103.2 448.6
92.0 442.7
81.3 435.8
71.3 427.6
61.3 419.4
51.6 410.9
42.2 401.9
33.0 392.7
24.4 383.0
18.5 371.1
13.9 358.6
9.6 346.0
6.4 333.0
4.0 319.9
2.5 306.5
1.2 293.1
0.0 279.8
2.7 266.5
5.6 253.4
8.7 240.2
12.1 227.2
16.4 214.4
21.7 202.0
27.2 189.7
33.0 177.6
39.3 165.7
46.0 154.0
52.7 142.3
59.9 130.9
67.0 119.6
74.2 108.2
83.6 98.8
93.0 89.3
102.8 80.3
113.2 72.0
123.7 63.9
134.2 55.8
145.2 48.6
156.4 41.5
167.6 34.6
179.0 28.0
190.7 22.2
202.9 17.4
215.6 16.1
228.3 15.1
241.1 14.4
253.8 13.8
266.5 13.4
279.2 13.2
