93
268.8 1.1
286.1 3.1
303.0 7.1
319.3 12.9
335.6 18.7
351.9 24.7
368.0 30.9
383.7 38.3
398.2 47.5
412.5 57.0
425.0 68.6
437.5 80.3
449.3 92.7
460.5 105.4
471.0 118.8
478.0 134.0
484.3 149.6
488.5 165.6
490.6 182.0
491.5 198.5
492.1 214.9
491.2 231.3
489.6 247.5
487.8 263.8
485.8 280.0
483.7 296.2
481.3 312.3
476.0 327.5
469.6 342.3
462.4 356.7
454.4 370.6
445.3 383.7
434.9 395.7
423.6 407.0
412.0 417.8
399.7 427.7
386.6 436.6
373.3 445.2
359.7 453.2
345.6 460.3
331.4 467.2
316.6 472.6
301.6 477.4
286.0 479.6
270.4 481.7
254.7 482.8
239.0 483.2
223.2 482.9
207.4 482.6
191.7 481.6
176.1 479.2
160.8 475.2
145.6 470.7
130.9 464.6
116.6 457.7
103.0 449.4
89.6 440.7
76.4 431.6
64.7 420.7
53.4 409.2
42.6 397.2
33.3 383.9
24.7 370.1
17.3 355.5
11.0 340.4
7.1 324.3
3.3 308.2
1.0 291.8
0.4 275.1
3.2 258.5
7.4 242.1
11.9 225.7
17.0 209.5
22.3 193.4
27.8 177.3
33.9 161.4
40.7 145.8
47.8 130.3
55.1 114.8
62.6 99.5
71.3 84.7
82.1 71.3
93.4 58.2
104.9 45.4
119.6 36.0
134.4 27.0
149.9 19.0
165.6 11.4
182.3 6.5
199.2 2.2
216.5 0.3
234.0 0.1
251.4 0.0
