95
268.2 3.3
285.3 5.2
302.0 9.0
318.2 14.5
334.3 20.1
350.4 25.9
366.4 31.9
381.9 38.9
396.3 47.8
410.5 57.0
422.9 68.2
435.3 79.5
447.0 91.4
458.3 103.7
468.8 116.6
475.9 131.3
482.3 146.3
486.7 161.8
489.0 177.7
490.2 193.6
491.1 209.5
490.5 225.3
489.3 241.0
487.8 256.7
486.2 272.3
484.5 288.0
482.5 303.6
477.6 318.3
471.7 332.6
465.0 346.5
457.6 359.9
449.0 372.6
439.2 384.1
428.6 395.0
417.6 405.4
405.9 415.0
393.5 423.5
380.9 431.8
368.1 439.6
354.7 446.5
341.3 453.2
327.9 459.9
313.8 465.1
299.5 469.7
284.7 471.7
269.9 473.7
254.9 474.6
239.9 475.0
224.9 474.7
209.9 474.3
194.9 473.9
180.0 472.9
165.1 470.5
150.6 466.6
136.1 462.1
122.2 456.2
108.6 449.4
95.7 441.2
83.0 432.7
70.5 423.8
59.4 413.1
48.7 401.9
38.5 390.2
29.9 377.2
21.8 363.7
14.9 349.5
9.1 334.7
5.6 319.1
2.3 303.4
0.3 287.3
-0.0 271.1
3.0 254.9
7.5 238.9
12.1 222.9
17.4 207.2
22.8 191.4
28.5 175.7
34.6 160.2
41.6 145.0
48.8 129.8
56.2 114.8
63.8 99.8
72.5 85.4
83.3 72.3
94.6 59.6
106.1 47.1
120.6 37.9
135.3 29.1
150.6 21.2
166.2 13.8
182.7 8.9
199.4 4.7
216.6 2.7
233.8 2.5
251.0 2.3
