66
226.5 20.4
247.9 23.3
269.1 27.6
290.2 32.1
311.3 36.8
331.9 43.1
352.1 51.0
370.1 62.9
386.4 77.2
401.9 92.5
417.3 107.8
432.1 123.7
446.7 139.8
459.5 157.6
468.4 177.7
474.3 199.1
478.9 220.8
483.2 242.6
487.4 264.5
491.2 286.5
489.1 309.0
486.0 331.5
479.8 353.5
471.8 375.0
463.4 396.4
451.0 416.1
436.4 434.4
419.2 450.6
400.6 465.3
379.7 476.8
356.8 484.3
333.6 491.0
309.5 493.8
285.3 491.5
261.1 489.0
236.9 486.0
212.9 482.1
189.0 477.3
165.5 470.8
143.7 459.8
125.4 443.9
107.4 427.6
91.0 409.8
75.1 391.5
59.3 373.3
43.5 354.9
28.2 336.2
17.5 314.8
8.8 292.5
1.9 269.8
0.0 246.3
1.9 223.1
6.5 200.4
12.3 178.1
19.0 156.1
26.5 134.4
38.5 115.3
53.6 98.6
69.6 83.1
86.1 68.1
103.9 54.8
121.7 41.6
141.7 32.6
162.1 24.5
183.3 19.2
204.9 18.3
