180
239.8 13.4
247.6 14.1
255.3 14.9
263.1 15.9
270.7 17.2
278.2 19.1
285.8 21.0
293.2 23.0
300.6 25.3
307.9 27.8
315.2 30.2
322.4 32.8
329.7 35.4
336.8 38.3
343.9 41.2
350.9 44.3
357.9 47.4
364.7 50.8
371.4 54.5
377.7 58.7
383.7 63.4
389.4 68.3
394.8 73.6
400.2 78.9
405.2 84.4
409.9 90.3
414.5 96.3
418.7 102.5
422.6 108.9
426.4 115.3
430.1 121.9
433.7 128.4
437.2 135.1
440.7 141.7
444.1 148.4
447.2 155.2
450.1 162.1
452.6 169.1
455.1 176.2
457.5 183.3
459.8 190.5
462.0 197.6
463.7 204.9
465.1 212.3
465.9 219.8
466.4 227.3
466.6 234.8
466.1 242.3
465.6 249.9
464.9 257.4
464.0 264.9
463.1 272.4
462.0 279.9
460.9 287.4
459.3 294.9
457.6 302.3
455.9 309.7
454.1 317.1
452.1 324.4
450.0 331.8
447.4 339.0
444.6 346.1
441.5 353.1
438.3 360.1
434.5 366.8
430.2 373.3
425.8 379.7
421.3 386.1
416.6 392.3
412.0 398.6
407.0 404.6
401.9 410.6
396.8 416.5
391.5 422.3
386.2 428.1
380.9 433.9
375.6 439.6
370.1 445.3
364.5 450.9
358.9 456.4
352.5 461.1
345.6 465.3
338.5 469.1
331.4 472.8
324.1 476.3
316.8 479.7
309.4 483.1
301.8 486.0
294.2 488.9
286.4 491.4
278.4 493.5
270.4 495.2
262.2 496.5
254.0 497.7
245.8 498.8
237.5 499.6
229.1 499.8
220.8 500.0
212.4 500.0
204.0 498.6
195.7 497.1
187.4 495.1
179.2 492.8
171.0 490.2
163.0 487.1
155.0 483.9
147.7 479.3
140.7 474.1
133.8 468.7
127.2 463.0
120.9 457.0
114.5 451.0
108.4 444.7
102.4 438.3
96.5 431.9
90.6 425.3
84.9 418.7
79.5 411.8
74.3 404.7
69.1 397.6
64.2 390.3
59.4 382.9
55.2 375.2
51.0 367.4
47.1 359.6
43.1 351.7
39.3 343.8
35.5 335.8
31.8 327.8
28.4 319.7
25.3 311.5
22.6 303.1
20.6 294.5
19.0 285.9
17.5 277.2
16.4 268.5
15.4 259.8
15.1 251.0
15.0 242.3
15.2 233.5
15.9 224.8
17.1 216.2
18.7 207.6
21.5 199.5
24.5 191.4
27.4 183.3
31.1 175.5
34.9 167.9
38.8 160.3
42.8 152.7
46.7 145.1
51.0 137.7
55.5 130.4
59.9 123.2
64.6 116.1
69.3 109.0
74.3 102.2
79.4 95.4
84.5 88.7
90.0 82.3
95.6 76.0
101.2 69.8
106.9 63.6
113.2 58.1
119.8 53.0
126.4 48.0
133.3 43.6
140.3 39.2
147.5 35.3
154.7 31.5
162.2 28.3
169.7 25.1
177.3 22.3
184.9 19.6
192.6 17.3
200.4 15.2
208.3 14.1
216.2 13.6
224.0 13.4
231.9 13.2
