146
270.0 0.2
280.8 1.3
291.7 2.5
302.4 4.3
313.0 6.8
323.4 10.0
333.5 13.8
343.6 17.6
353.7 21.5
363.2 26.5
372.4 32.0
381.3 38.0
390.0 44.2
398.2 51.0
406.2 58.1
414.1 65.1
421.8 72.5
428.7 80.5
435.5 88.7
442.1 96.9
448.5 105.2
454.7 113.7
460.1 122.8
464.7 132.2
469.0 141.6
473.2 151.2
477.0 160.9
479.6 170.9
481.8 181.0
483.5 191.2
485.2 201.4
485.9 211.6
486.4 221.9
486.9 232.1
487.1 242.4
487.0 252.6
486.9 262.9
486.5 273.1
486.0 283.3
485.3 293.5
484.6 303.7
482.9 313.8
479.9 323.4
476.4 332.9
472.8 342.4
469.1 351.8
465.1 361.1
460.7 370.2
456.0 379.1
451.0 388.0
444.8 395.8
437.4 402.7
429.9 409.4
422.3 415.9
414.5 422.2
406.4 428.2
398.1 433.9
389.8 439.6
381.2 444.7
372.4 449.6
363.3 453.9
354.1 457.8
344.7 461.5
335.3 465.0
325.8 468.5
316.3 471.6
306.6 474.5
296.7 476.3
286.7 477.7
276.6 478.8
266.6 479.8
256.5 480.2
246.3 480.4
236.2 480.4
226.1 480.4
215.9 480.0
205.8 479.5
195.7 478.5
185.6 477.6
175.5 476.4
165.4 475.2
155.3 473.6
145.4 470.9
135.7 467.8
126.0 464.4
116.4 460.8
107.6 455.4
99.1 449.5
90.7 443.4
82.4 437.2
74.1 431.0
66.3 424.0
58.8 416.8
52.2 408.6
45.7 400.4
39.4 391.9
33.8 383.0
28.2 374.0
23.3 364.6
18.7 355.0
14.4 345.3
10.4 335.4
7.3 325.2
4.8 314.8
3.2 304.1
2.0 293.4
1.5 282.6
1.0 271.8
1.3 261.0
1.9 250.2
3.0 239.4
4.4 228.6
6.3 217.9
8.9 207.3
11.8 196.7
15.0 186.3
18.2 175.8
22.5 165.7
27.1 155.8
31.8 145.9
36.7 136.0
42.6 126.7
48.8 117.6
55.3 108.8
62.4 100.3
69.8 92.1
77.1 83.9
84.7 75.9
92.4 68.0
100.2 60.1
108.0 52.3
115.9 44.7
124.2 37.3
132.5 30.0
142.0 24.4
152.2 20.5
162.6 16.6
172.9 12.7
183.3 9.0
193.7 5.5
204.4 2.9
215.3 1.2
226.2 0.2
237.1 0.1
248.1 0.0
259.0 -0.0
