176
271.0 1.4
279.7 3.5
288.5 5.7
297.1 8.2
305.7 10.9
314.1 14.1
322.4 17.5
330.7 20.9
338.9 24.8
346.9 28.8
354.8 33.0
362.7 37.5
370.4 42.1
378.1 46.8
385.7 51.5
393.2 56.6
400.6 61.6
407.4 67.5
413.8 73.7
420.0 80.3
426.0 86.9
431.8 93.8
437.4 100.8
443.0 107.8
448.6 114.8
453.9 122.0
458.9 129.4
463.5 137.1
468.0 144.8
472.3 152.6
476.2 160.6
479.5 168.9
482.4 177.3
485.3 185.7
487.5 194.3
489.3 203.0
490.9 211.7
492.5 220.4
493.2 229.2
493.9 238.0
493.8 246.8
492.6 255.5
491.0 264.1
489.2 272.6
487.3 281.2
485.3 289.7
483.3 298.2
481.2 306.6
479.1 315.1
476.8 323.5
474.2 331.8
471.4 340.0
468.3 348.2
465.1 356.2
461.9 364.3
458.5 372.3
454.8 380.1
450.7 387.7
446.6 395.3
441.4 402.2
436.3 409.1
430.9 415.8
425.1 422.0
418.9 428.0
412.6 433.7
406.3 439.5
399.7 444.9
392.7 449.7
385.3 453.9
378.0 458.1
370.4 462.0
362.9 465.8
355.2 469.3
347.3 472.2
339.3 475.0
331.3 477.6
323.2 480.0
315.2 482.4
307.1 484.8
299.0 487.0
290.8 488.9
282.6 490.8
274.3 492.4
266.0 493.3
257.6 493.6
249.2 493.4
240.9 492.8
232.5 492.3
224.2 491.5
215.9 490.5
207.6 489.5
199.3 488.3
191.1 487.0
183.0 484.8
175.0 482.3
167.3 479.3
159.9 475.5
152.5 471.6
145.1 467.6
138.0 463.3
130.9 458.9
124.0 454.1
117.4 449.1
111.5 443.1
106.1 436.7
100.9 430.2
95.7 423.5
90.7 416.8
85.7 410.1
80.9 403.2
76.1 396.4
71.3 389.5
66.5 382.6
61.8 375.6
57.3 368.5
53.0 361.3
48.9 354.0
45.1 346.5
41.2 339.0
37.9 331.3
34.5 323.6
31.4 315.7
28.4 307.8
25.5 299.9
22.8 291.9
20.5 283.8
18.8 275.5
17.4 267.1
16.6 258.6
15.9 250.1
15.3 241.7
15.1 233.1
15.1 224.6
15.7 216.1
16.4 207.5
17.4 199.0
18.4 190.5
19.7 182.1
21.2 173.6
22.6 165.1
24.7 156.8
26.9 148.5
29.5 140.2
32.7 132.2
35.9 124.2
39.6 116.3
43.5 108.6
47.7 101.0
52.1 93.5
56.7 86.1
61.4 78.7
67.2 72.2
73.2 65.8
80.0 60.1
86.8 54.5
93.9 49.3
101.3 44.4
108.8 39.7
116.3 35.1
124.0 30.7
131.8 26.6
140.1 23.3
148.4 20.1
156.8 17.0
165.2 14.1
173.8 11.7
182.4 9.3
191.1 7.3
199.8 5.6
208.6 4.1
217.5 2.7
226.3 1.5
235.2 0.6
244.2 0.3
253.2 0.1
262.1 0.0
