98
266.7 2.9
283.5 4.8
300.0 8.4
315.9 13.8
331.8 19.2
347.6 24.7
363.3 30.5
378.6 37.4
392.8 45.9
406.8 54.8
419.2 65.6
431.5 76.5
443.1 88.0
454.2 99.9
464.7 112.4
471.9 126.6
478.3 141.1
482.9 156.1
485.4 171.4
486.9 186.7
488.1 202.1
487.8 217.3
487.0 232.5
485.9 247.7
484.7 262.8
483.3 277.9
481.7 292.9
477.3 307.2
471.9 321.0
466.6 334.8
460.4 348.2
453.5 361.1
445.6 373.4
436.4 384.6
426.5 395.0
416.2 405.1
405.3 414.4
393.6 422.6
381.8 430.6
369.7 438.1
357.1 444.8
344.5 451.3
331.9 457.8
318.6 462.8
305.2 467.2
291.2 469.2
277.1 471.1
263.0 472.0
248.9 472.4
234.7 472.1
220.6 471.7
206.4 471.4
192.3 470.5
178.3 468.1
164.5 464.3
150.9 460.0
137.8 454.3
124.8 448.2
112.0 441.6
99.9 433.7
87.9 425.6
76.2 417.0
64.6 408.3
54.1 398.0
44.2 387.2
34.7 375.9
26.6 363.4
19.1 350.4
12.8 336.7
7.6 322.4
4.4 307.4
1.6 292.2
0.0 276.8
0.0 261.1
3.2 245.4
7.8 230.0
12.7 214.6
18.0 199.4
23.6 184.2
29.4 169.1
35.6 154.2
42.6 139.5
49.9 124.9
57.4 110.4
65.1 95.9
73.7 82.0
84.5 69.4
95.7 57.1
107.1 45.0
121.4 36.2
136.0 27.7
151.0 20.1
166.4 13.0
182.6 8.2
199.1 4.2
215.9 2.4
232.9 2.1
249.8 2.0
