59
234.7 21.7
257.6 25.2
280.2 30.4
302.8 35.9
324.8 43.3
346.2 52.5
365.3 66.2
382.4 82.7
398.6 100.1
414.8 117.6
430.2 135.9
445.5 154.3
458.6 174.5
467.5 197.5
472.9 221.8
476.9 246.6
480.6 271.4
484.2 296.3
487.3 321.3
483.7 346.9
479.1 372.5
470.9 397.5
460.9 422.1
445.8 444.5
425.3 463.0
403.3 479.9
376.5 488.7
349.3 496.6
321.1 500.0
292.8 497.8
264.4 495.4
236.2 492.3
208.0 488.3
180.5 481.4
158.7 463.8
137.4 445.9
117.8 426.3
98.9 406.1
79.9 386.0
61.1 365.7
42.7 345.1
29.6 321.4
18.6 296.8
9.7 271.6
6.4 245.6
7.4 219.9
11.4 194.8
16.8 170.2
23.1 145.8
35.4 124.6
51.2 106.3
68.0 89.2
85.3 72.7
104.1 58.2
123.0 43.7
144.3 34.0
166.0 25.2
188.6 19.6
211.7 19.0
