96
268.0 4.0
285.0 6.0
301.7 9.8
317.8 15.3
333.8 20.9
349.8 26.6
365.7 32.6
381.1 39.6
395.5 48.4
409.6 57.5
422.1 68.7
434.5 79.8
446.1 91.7
457.4 103.9
467.9 116.6
475.0 131.2
481.4 146.1
486.0 161.5
488.3 177.2
489.6 192.9
490.7 208.7
490.3 224.3
489.2 239.9
487.9 255.4
486.5 270.9
484.9 286.4
483.0 301.9
478.4 316.5
472.7 330.6
466.2 344.3
459.1 357.7
450.8 370.2
441.2 381.7
430.9 392.5
420.2 402.8
408.8 412.4
396.7 420.8
384.5 429.0
371.9 436.8
358.9 443.7
345.8 450.4
332.7 457.0
319.0 462.2
305.0 466.8
290.6 468.9
276.1 470.9
261.4 471.9
246.8 472.3
232.2 472.1
217.5 471.8
202.9 471.4
188.2 470.5
173.7 468.2
159.5 464.4
145.4 460.0
131.8 454.3
118.4 448.0
105.1 441.4
92.5 433.4
80.1 425.1
68.0 416.4
57.2 405.9
46.8 394.9
36.9 383.4
28.5 370.7
20.7 357.5
14.0 343.5
8.4 329.0
5.1 313.6
2.0 298.2
0.2 282.5
-0.0 266.5
3.1 250.6
7.6 234.9
12.4 219.2
17.7 203.7
23.2 188.2
28.9 172.8
35.2 157.6
42.1 142.6
49.4 127.8
56.9 113.0
64.5 98.3
73.2 84.1
84.0 71.3
95.2 58.8
106.8 46.5
121.2 37.5
135.9 28.9
151.1 21.2
166.6 14.0
183.0 9.2
199.7 5.1
216.7 3.3
233.8 3.1
251.0 3.0
