133
266.6 34.5
277.0 37.0
287.1 40.3
297.3 43.6
307.3 47.4
317.2 51.6
326.9 56.0
336.7 60.5
346.4 65.2
355.8 70.5
365.1 75.8
374.4 81.3
383.5 87.1
392.5 93.1
400.9 99.9
409.3 106.8
417.3 114.1
425.1 121.8
432.7 129.6
440.1 137.5
447.5 145.6
454.7 153.8
461.0 162.8
467.3 171.8
473.4 180.9
479.2 190.2
484.9 199.6
490.1 209.4
493.7 219.8
497.3 230.3
499.2 241.3
499.7 252.4
500.0 263.6
499.1 274.7
497.0 285.7
493.9 296.5
490.5 307.2
487.0 317.9
481.8 327.8
476.1 337.5
470.4 347.1
464.6 356.7
458.4 366.1
451.9 375.2
445.2 384.2
438.4 393.1
431.5 402.0
423.9 410.2
415.8 417.9
407.6 425.4
399.0 432.6
389.4 438.4
379.8 444.0
370.0 449.2
359.7 453.5
349.3 457.3
338.9 460.9
328.3 464.1
317.5 466.6
306.6 468.5
295.7 470.1
284.8 471.2
273.8 472.1
262.9 471.6
252.0 471.1
241.1 470.5
230.4 468.3
219.8 466.1
209.5 462.8
199.6 458.6
189.7 454.2
179.9 449.9
170.2 445.2
160.7 440.3
151.1 435.3
142.0 429.7
133.0 424.0
124.0 418.1
115.6 411.6
107.2 405.0
99.0 398.2
91.4 390.8
83.9 383.4
76.9 375.4
70.3 367.2
63.7 358.9
57.6 350.4
51.7 341.6
46.0 332.8
40.5 323.8
36.5 314.2
32.5 304.5
29.0 294.7
25.7 284.8
22.7 274.8
20.4 264.7
18.1 254.6
16.8 244.3
15.9 234.0
16.0 223.6
16.4 213.3
17.3 203.0
18.4 192.8
19.9 182.5
21.5 172.3
23.7 162.3
26.3 152.3
30.5 142.9
35.3 133.8
42.3 126.2
49.3 118.7
56.7 111.5
64.4 104.6
72.7 98.4
81.1 92.4
89.8 86.7
98.7 81.4
107.6 76.1
116.7 71.1
125.9 66.3
135.2 61.7
144.6 57.4
154.1 53.1
163.6 48.9
173.3 45.0
183.3 42.1
193.5 39.8
203.8 37.8
214.1 36.0
224.5 35.0
235.0 34.2
245.6 33.9
256.1 33.8
