127
288.7 8.8
300.5 10.5
312.1 13.1
323.6 16.0
335.0 18.9
346.4 22.1
357.2 26.6
367.8 31.4
378.4 36.2
389.0 41.2
398.9 47.3
408.6 53.6
417.8 60.5
425.6 68.9
433.2 77.4
440.2 86.4
446.0 96.1
451.4 106.0
456.4 116.1
460.9 126.4
465.0 136.9
469.1 147.4
472.5 158.1
475.4 168.9
477.0 180.0
477.5 191.1
478.0 202.3
478.5 213.4
478.8 224.6
478.2 235.7
477.5 246.9
476.0 257.9
473.8 268.8
471.5 279.8
468.8 290.6
465.9 301.4
462.9 312.1
458.9 322.6
454.9 333.0
450.6 343.3
445.5 353.3
439.2 362.6
432.8 371.8
426.3 380.9
418.7 389.3
410.9 397.5
403.1 405.6
395.1 413.6
387.0 421.5
378.3 428.8
369.6 436.1
360.3 442.6
350.8 449.0
341.2 455.2
331.5 461.1
321.5 466.7
311.2 471.8
300.6 476.3
289.9 480.7
279.1 484.7
268.1 488.3
256.7 490.6
245.2 492.5
233.5 493.9
221.7 494.2
209.9 493.4
198.3 490.7
186.7 487.5
175.1 484.2
163.6 480.8
152.2 477.0
140.8 472.9
129.5 468.6
118.2 464.2
107.0 459.6
96.2 454.1
85.8 447.7
76.1 440.1
66.5 432.4
57.1 424.4
48.0 416.0
39.1 407.4
30.8 398.2
24.2 387.5
18.5 376.4
14.0 364.6
9.8 352.7
6.6 340.5
4.2 328.0
2.6 315.4
1.3 302.8
0.0 290.2
0.1 277.5
2.6 265.0
5.3 252.6
8.1 240.2
11.2 227.9
15.1 215.9
19.4 203.9
24.3 192.2
29.5 180.6
34.9 169.2
40.8 158.0
47.1 147.0
53.4 136.0
60.1 125.3
66.8 114.6
73.5 103.9
82.4 95.0
91.3 86.2
100.5 77.7
110.2 69.8
119.9 62.1
129.8 54.5
139.8 47.0
150.2 40.2
160.7 33.6
171.3 27.2
182.1 21.0
193.2 15.6
204.6 11.2
216.7 10.1
228.7 9.3
240.7 8.8
252.8 8.3
264.8 8.2
276.8 8.1
