197
264.4 31.3
271.2 31.9
278.0 32.6
284.8 33.5
291.6 34.4
298.3 35.8
305.0 37.4
311.7 39.3
318.3 41.3
324.9 43.5
331.5 45.9
338.0 48.5
344.4 51.3
350.8 54.2
357.2 57.2
363.5 60.4
369.7 63.7
375.9 67.1
382.1 70.5
388.3 74.1
394.1 78.2
399.9 82.5
405.6 86.8
411.1 91.6
416.5 96.4
421.9 101.2
427.3 106.0
432.4 111.3
437.5 116.5
442.5 121.9
447.2 127.5
451.8 133.3
456.0 139.4
460.0 145.7
463.9 152.1
467.2 158.9
470.4 165.8
473.4 172.7
476.5 179.7
479.3 186.7
481.8 194.0
484.1 201.3
486.4 208.6
488.6 215.9
490.7 223.3
492.6 230.8
494.3 238.4
495.8 246.0
497.0 253.7
498.1 261.4
498.9 269.2
499.6 277.0
500.0 284.8
500.0 292.7
499.9 300.6
498.1 308.4
495.3 316.0
492.5 323.6
489.5 331.1
485.9 338.4
482.2 345.7
478.3 352.8
474.2 359.9
469.9 366.8
464.7 373.1
459.4 379.4
453.9 385.5
448.1 391.3
442.3 397.1
436.5 402.9
430.6 408.6
424.6 414.3
418.4 419.6
411.8 424.5
405.1 429.4
398.4 434.0
391.6 438.6
384.7 443.2
377.6 447.3
370.5 451.3
363.2 455.2
355.6 458.2
348.0 461.2
340.3 464.0
332.6 466.5
324.7 468.7
316.8 470.6
308.9 472.6
300.9 474.0
292.9 475.1
284.9 476.0
276.8 476.5
268.8 476.9
260.7 477.3
252.7 477.5
244.7 477.7
236.6 477.6
228.6 477.3
220.7 476.8
212.7 476.2
204.7 475.6
196.8 474.8
189.0 473.3
181.3 471.7
173.6 469.9
166.0 467.9
158.4 465.8
150.9 463.6
143.4 461.3
136.1 458.6
128.8 455.7
121.9 452.3
115.4 448.3
109.6 443.4
104.1 438.3
98.6 433.2
93.2 428.0
87.8 422.9
82.7 417.4
78.1 411.7
73.5 405.9
69.0 400.0
64.7 394.1
60.5 388.0
56.8 381.8
53.3 375.5
49.8 369.1
46.4 362.7
43.1 356.3
40.2 349.7
37.3 343.2
34.5 336.6
32.4 329.8
30.3 323.0
28.7 316.1
27.4 309.2
26.4 302.3
25.7 295.4
25.1 288.5
24.7 281.5
24.5 274.6
24.8 267.8
25.3 260.9
25.8 254.1
26.3 247.2
27.0 240.4
27.9 233.6
28.8 226.9
30.0 220.2
31.2 213.5
32.4 206.8
33.9 200.2
35.7 193.6
37.7 187.2
39.9 180.8
42.3 174.5
44.9 168.3
47.6 162.2
50.3 156.1
53.2 150.0
56.4 144.1
59.8 138.4
63.4 132.8
67.1 127.2
71.2 122.0
75.5 117.0
80.0 112.1
84.5 107.2
89.0 102.3
94.0 98.0
99.2 93.9
104.4 89.7
109.7 85.8
115.1 82.0
120.5 78.1
126.0 74.4
131.6 70.9
137.3 67.4
143.0 64.0
148.9 61.0
154.9 58.1
160.8 55.2
166.9 52.5
173.0 49.8
179.2 47.3
185.5 45.2
191.9 43.1
198.2 41.1
204.6 39.2
211.0 37.4
217.6 36.0
224.2 34.7
230.8 33.5
237.5 32.7
244.2 31.9
250.9 31.2
257.6 30.7
