85
301.5 27.2
319.1 28.8
336.6 31.6
354.1 34.8
371.3 39.3
388.5 43.8
405.4 49.6
421.0 58.4
434.6 70.2
447.3 82.8
459.9 95.6
471.9 109.0
482.1 123.8
491.4 139.2
500.0 154.9
499.3 172.6
496.5 189.9
493.7 207.3
490.5 224.6
486.3 241.6
481.2 258.3
473.4 273.9
465.5 289.3
456.3 303.9
446.6 318.1
436.4 332.0
426.1 345.7
415.5 359.3
404.6 372.5
393.0 385.1
380.9 397.1
368.0 408.0
354.8 418.7
341.6 429.4
328.2 439.7
314.1 449.0
299.3 456.9
284.4 464.5
268.7 470.1
252.3 472.2
235.9 472.2
219.7 470.6
203.5 468.7
187.2 466.7
171.2 464.0
155.3 460.6
140.2 454.7
125.2 448.7
110.3 442.2
96.0 434.8
82.4 426.1
70.9 414.8
59.8 403.1
50.2 390.2
42.0 376.3
35.0 361.7
28.9 346.8
23.7 331.5
19.7 315.8
16.2 299.9
14.2 283.8
13.3 267.5
13.1 251.2
15.4 234.9
19.8 219.0
25.7 203.5
33.7 188.8
42.5 174.6
52.6 161.1
63.2 148.0
74.2 135.2
86.3 123.3
99.0 111.9
112.0 101.0
125.1 90.1
138.4 79.3
153.4 70.9
168.6 62.8
184.0 55.1
199.9 48.2
216.0 41.8
232.3 35.7
249.2 31.5
266.4 28.3
283.8 26.0
