121
284.8 4.8
297.3 6.6
309.6 9.3
321.8 12.4
333.9 15.6
346.0 19.0
357.5 23.8
368.8 28.9
380.1 34.1
391.3 39.4
401.8 45.9
412.2 52.6
422.0 59.9
430.3 68.8
437.8 78.3
444.0 88.6
449.8 99.1
455.1 109.8
459.9 120.8
464.4 131.9
468.8 143.0
472.4 154.3
475.5 165.8
477.3 177.6
478.0 189.4
478.6 201.2
479.2 213.0
479.6 224.8
479.1 236.6
478.4 248.4
476.9 260.2
474.6 271.7
471.8 283.2
468.8 294.6
465.7 306.0
461.6 317.1
457.5 328.1
453.0 339.1
447.7 349.6
441.2 359.5
434.5 369.3
427.7 379.0
419.8 387.9
411.7 396.6
403.5 405.2
395.1 413.7
386.7 422.1
377.6 429.8
368.5 437.5
358.7 444.5
348.8 451.2
338.8 457.8
328.6 464.2
318.1 470.1
307.4 475.6
296.3 480.3
284.9 484.5
273.4 488.4
261.4 490.9
249.4 492.9
237.2 494.5
224.8 494.8
212.4 494.1
200.2 491.3
188.1 488.0
176.0 484.5
163.9 481.0
151.9 477.0
140.0 472.8
128.2 468.3
116.4 463.7
104.7 458.9
93.3 453.1
82.4 446.4
72.3 438.4
62.3 430.4
52.4 422.0
42.9 413.2
33.6 404.2
24.9 394.6
18.9 382.8
14.3 370.4
9.9 357.9
6.6 345.1
4.1 332.0
2.6 318.8
1.3 305.5
0.0 292.3
0.2 278.9
2.9 265.8
5.8 252.8
8.9 239.7
12.2 226.8
16.5 214.1
21.0 201.5
26.3 189.3
31.9 177.1
37.7 165.1
44.0 153.3
50.7 141.8
57.4 130.3
64.6 119.0
71.7 107.8
79.0 96.6
88.4 87.2
97.8 77.9
107.7 69.1
118.1 60.9
128.6 53.0
139.2 45.1
150.2 38.0
161.4 31.1
172.7 24.4
184.1 17.9
195.9 12.3
208.1 7.7
220.9 6.5
233.7 5.8
246.5 5.3
259.3 4.9
272.0 4.7
