145
266.1 0.1
277.1 1.2
288.1 2.3
298.9 4.1
309.6 6.6
320.1 9.7
330.4 13.5
340.6 17.3
350.8 21.2
360.5 26.1
369.8 31.6
378.8 37.7
387.6 43.9
396.0 50.6
404.1 57.7
412.1 64.7
419.9 72.1
427.0 80.1
433.8 88.3
440.5 96.5
447.0 104.9
453.4 113.4
458.8 122.4
463.5 131.8
467.9 141.3
472.1 150.9
476.1 160.6
478.8 170.7
481.0 180.8
482.8 191.0
484.5 201.2
485.2 211.5
485.9 221.7
486.4 232.0
486.6 242.3
486.6 252.6
486.5 262.8
486.2 273.1
485.8 283.3
485.1 293.5
484.4 303.7
482.8 313.8
479.8 323.5
476.3 333.0
472.8 342.5
469.1 352.0
465.2 361.3
460.7 370.4
456.0 379.3
451.1 388.1
444.9 396.0
437.5 402.9
430.0 409.5
422.3 416.0
414.5 422.4
406.4 428.3
398.2 434.0
389.9 439.7
381.2 444.8
372.4 449.7
363.3 454.0
354.0 457.8
344.7 461.5
335.2 465.0
325.7 468.4
316.2 471.6
306.5 474.4
296.5 476.2
286.5 477.5
276.4 478.6
266.3 479.5
256.2 479.8
246.1 480.0
235.9 480.0
225.7 479.9
215.6 479.4
205.4 478.8
195.3 477.8
185.1 476.8
175.0 475.6
164.9 474.3
154.8 472.6
144.9 469.9
135.1 466.7
125.5 463.2
115.8 459.6
107.0 454.1
98.5 448.1
90.1 441.8
81.7 435.5
73.4 429.2
65.6 422.1
58.1 414.8
51.5 406.5
45.0 398.1
38.8 389.5
33.1 380.5
27.6 371.4
22.7 361.8
18.1 352.2
13.8 342.3
9.9 332.3
6.8 321.9
4.3 311.4
2.8 300.6
1.6 289.8
1.1 278.8
0.7 267.9
1.0 256.9
1.7 246.0
2.9 235.0
4.3 224.1
6.3 213.2
9.0 202.5
11.9 191.8
15.2 181.2
18.5 170.7
22.9 160.4
27.6 150.3
32.4 140.3
37.3 130.3
43.4 120.9
49.6 111.7
56.3 102.7
63.5 94.1
70.9 85.8
78.4 77.5
86.2 69.5
94.1 61.5
102.0 53.6
110.1 45.8
118.4 38.3
126.8 30.9
136.5 25.2
146.9 21.2
157.3 17.2
167.8 13.3
178.3 9.4
188.9 5.9
199.7 3.3
210.7 1.4
221.8 0.4
232.8 0.2
243.9 0.1
255.0 0.0
