56
225.5 18.8
250.1 22.9
274.5 27.9
298.6 34.7
322.7 41.7
346.2 50.8
369.1 61.7
387.3 80.4
404.7 100.2
421.9 120.0
438.4 140.6
454.8 161.4
468.8 184.1
478.4 209.7
484.3 236.7
488.7 264.3
492.7 291.9
496.6 319.5
500.0 347.3
496.3 375.7
485.8 403.0
469.9 428.0
448.3 448.9
425.0 468.0
396.6 478.6
367.9 488.2
338.1 493.0
308.1 491.9
278.1 490.6
248.2 488.5
218.4 485.5
189.3 479.3
166.4 461.9
143.8 444.2
123.2 424.5
103.2 404.3
83.1 384.2
63.3 363.8
43.9 343.2
30.1 319.2
18.6 294.3
9.2 268.8
5.9 242.5
7.0 216.4
11.3 190.9
17.2 165.9
24.0 141.3
37.3 120.0
54.1 101.8
72.1 84.9
90.6 68.6
110.7 54.4
130.8 40.2
153.6 31.1
176.7 23.0
200.8 18.3
