134
263.9 31.6
274.2 34.0
284.3 37.3
294.5 40.5
304.5 44.2
314.3 48.3
324.1 52.7
333.8 57.1
343.4 61.7
352.8 66.9
362.1 72.2
371.4 77.6
380.5 83.3
389.5 89.2
397.9 96.0
406.3 102.7
414.3 110.0
422.0 117.6
429.6 125.3
437.0 133.2
444.4 141.2
451.6 149.3
457.8 158.3
464.1 167.2
470.1 176.3
476.0 185.5
481.7 194.8
486.8 204.5
490.4 214.9
494.0 225.3
497.4 235.7
499.2 246.6
499.8 257.7
500.0 268.8
499.1 279.9
497.0 290.8
493.8 301.5
490.4 312.1
486.9 322.7
481.6 332.6
475.9 342.2
470.2 351.8
464.3 361.3
458.1 370.6
451.6 379.6
444.9 388.6
438.1 397.4
431.1 406.2
423.5 414.3
415.4 422.0
407.1 429.4
398.4 436.5
388.9 442.2
379.2 447.8
369.4 452.9
359.1 457.1
348.6 460.8
338.1 464.4
327.5 467.5
316.7 469.9
305.8 471.7
294.9 473.3
283.9 474.3
272.9 475.1
261.9 474.6
251.0 473.9
240.0 473.3
229.3 471.0
218.7 468.8
208.3 465.3
198.4 461.1
188.5 456.6
178.6 452.2
168.9 447.4
159.3 442.4
149.8 437.3
140.6 431.6
131.6 425.8
122.6 419.9
114.1 413.3
105.7 406.6
97.5 399.8
89.8 392.3
82.3 384.7
75.3 376.7
68.6 368.4
62.1 360.0
55.8 351.4
49.9 342.6
44.2 333.7
38.7 324.6
34.7 314.9
30.7 305.1
27.1 295.3
23.8 285.3
20.8 275.2
18.4 265.0
16.1 254.8
14.8 244.4
13.8 234.0
13.9 223.5
14.2 213.1
15.1 202.8
16.3 192.4
17.7 182.1
19.3 171.8
21.5 161.7
24.0 151.6
28.2 142.1
33.0 132.9
39.9 125.3
47.0 117.7
54.4 110.4
62.0 103.4
70.3 97.2
78.7 91.0
87.3 85.3
96.2 79.9
105.1 74.5
114.2 69.4
123.3 64.5
132.7 59.9
142.1 55.5
151.5 51.1
161.0 46.8
170.7 42.8
180.7 39.9
190.8 37.4
201.1 35.4
211.4 33.5
221.8 32.4
232.3 31.6
242.8 31.2
253.3 31.0
