111
201.5 0.4
216.6 1.0
231.8 1.7
246.9 2.3
262.0 4.1
276.8 7.3
288.9 15.5
300.9 24.0
312.6 32.8
324.2 41.6
334.0 51.9
343.3 62.5
352.6 73.2
361.9 83.9
371.0 94.6
380.0 105.4
388.7 116.4
396.9 127.6
404.7 139.1
412.0 150.7
417.6 162.8
422.7 175.1
427.7 187.3
431.2 199.8
434.5 212.2
437.0 224.6
438.7 237.0
440.1 249.3
440.3 261.4
440.2 273.5
439.8 285.5
438.5 297.1
437.1 308.7
435.3 320.2
432.8 331.4
429.8 342.3
426.7 353.1
423.4 363.9
416.7 371.6
409.9 379.2
403.1 386.8
396.3 394.4
388.4 400.3
380.5 406.1
372.6 411.9
364.3 417.0
356.0 422.0
347.4 426.4
338.7 430.3
329.9 433.8
321.0 437.3
312.1 440.6
303.1 443.2
293.9 445.2
284.7 446.7
275.4 447.6
266.1 448.0
256.8 448.3
247.5 448.5
238.4 446.8
229.5 444.0
220.7 440.7
212.0 437.2
203.4 433.4
195.0 429.1
187.0 423.8
179.0 418.5
171.2 412.8
163.6 406.8
156.6 400.0
149.6 392.9
142.9 385.7
136.2 378.4
129.5 371.0
122.9 363.5
116.4 356.0
110.3 347.9
104.4 339.7
99.4 330.6
94.4 321.5
89.8 312.0
85.6 302.4
81.7 292.4
78.4 282.1
75.2 271.7
72.2 261.3
69.6 250.6
67.2 239.8
64.8 228.9
62.8 218.0
60.8 207.0
59.2 195.9
57.7 184.7
57.4 173.1
58.8 161.1
61.7 149.1
64.7 137.1
68.4 125.1
72.4 113.1
76.5 101.2
81.7 89.4
89.5 78.3
97.5 67.4
105.6 56.5
114.4 46.0
124.2 36.1
135.1 27.0
146.7 18.6
158.5 10.4
172.1 4.6
186.3 0.0
