92
261.3 1.0
278.9 2.9
296.1 6.8
312.7 12.6
329.3 18.3
345.8 24.2
362.2 30.4
378.1 37.7
392.9 46.9
407.5 56.4
420.3 68.0
433.0 79.6
445.0 92.0
456.5 104.7
467.2 118.0
474.4 133.3
480.9 148.8
485.3 164.9
487.5 181.3
488.6 197.8
489.4 214.2
488.6 230.6
487.2 246.9
485.5 263.1
483.7 279.3
481.8 295.5
479.5 311.6
474.3 326.9
468.0 341.7
460.9 356.0
453.1 370.0
444.0 383.1
433.7 395.1
422.5 406.3
411.0 417.1
398.7 427.0
385.7 435.8
372.5 444.3
359.0 452.3
344.9 459.3
330.8 466.2
316.1 471.6
301.1 476.3
285.6 478.4
270.0 480.4
254.4 481.4
238.7 481.7
223.0 481.3
207.2 480.8
191.6 479.8
176.0 477.2
160.7 473.1
145.6 468.4
131.0 462.3
116.8 455.2
103.2 446.7
89.9 437.9
76.8 428.6
65.1 417.5
53.9 405.8
43.2 393.7
34.0 380.1
25.5 366.1
18.2 351.4
12.1 336.0
8.2 319.8
4.6 303.4
2.5 286.8
2.0 269.9
4.9 253.0
9.4 236.4
14.1 219.9
19.4 203.5
24.8 187.1
30.5 170.8
36.8 154.7
43.8 138.9
51.2 123.1
58.7 107.5
66.4 91.9
75.3 76.9
86.4 63.4
97.8 50.1
109.7 37.1
124.8 27.9
140.5 19.7
156.5 12.0
173.4 6.9
190.6 2.5
208.3 0.5
226.0 0.2
243.7 -0.0
