153
242.7 0.1
253.1 0.2
263.4 0.5
273.7 1.8
284.0 3.0
294.2 4.9
304.3 7.1
314.3 9.7
324.2 12.8
333.8 16.6
343.4 20.4
352.9 24.2
362.0 29.1
370.8 34.4
379.5 39.8
387.9 45.6
396.2 51.7
404.0 58.3
411.5 65.1
419.1 72.0
426.3 79.2
432.9 86.9
439.3 94.8
445.6 102.8
451.6 110.9
457.5 119.1
462.6 127.8
466.9 136.9
471.0 146.1
475.0 155.3
478.6 164.7
481.1 174.4
483.1 184.1
484.7 193.9
486.3 203.8
486.9 213.7
487.4 223.6
487.8 233.5
488.0 243.4
487.9 253.3
487.7 263.1
487.4 273.0
486.9 282.9
486.2 292.7
485.5 302.6
483.9 312.3
480.9 321.6
477.6 330.8
474.2 340.0
470.7 349.1
466.8 358.1
462.6 366.8
458.1 375.5
453.4 384.0
447.5 391.7
441.5 399.3
434.5 406.0
427.3 412.5
420.0 418.8
412.6 425.0
404.9 430.8
397.0 436.4
389.1 441.9
380.9 447.0
372.5 451.8
363.8 456.0
355.0 459.9
346.1 463.6
337.1 467.0
328.1 470.5
319.0 473.6
309.8 476.5
300.3 478.4
290.8 479.9
281.2 481.1
271.6 482.1
262.0 482.7
252.3 483.0
242.7 483.2
233.0 483.3
223.3 483.1
213.7 482.7
204.0 482.0
194.4 481.2
184.8 480.3
175.2 479.2
165.6 477.9
156.2 475.5
146.9 472.7
137.7 469.6
128.5 466.4
120.1 461.4
112.0 455.9
104.0 450.2
96.1 444.5
88.1 438.7
80.7 432.3
73.6 425.5
67.3 417.9
61.0 410.2
55.0 402.4
49.0 394.5
43.7 386.2
38.4 377.8
33.7 369.0
29.3 360.0
25.0 351.1
20.8 342.0
17.0 332.7
14.1 323.2
11.6 313.4
10.1 303.4
8.9 293.4
8.4 283.3
7.9 273.2
7.6 263.1
7.8 252.9
8.4 242.8
9.4 232.7
10.5 222.5
11.7 212.4
13.5 202.4
16.0 192.5
18.7 182.6
21.7 172.8
24.8 163.0
28.8 153.6
33.2 144.3
37.7 135.0
42.2 125.8
47.9 117.1
53.7 108.6
59.9 100.3
66.6 92.5
73.6 84.8
80.6 77.1
87.8 69.7
95.1 62.3
102.4 55.0
109.8 47.7
117.3 40.6
125.1 33.8
133.0 27.0
142.0 21.8
151.8 18.2
161.6 14.7
171.4 11.1
181.2 7.7
191.1 4.6
201.3 2.3
211.5 0.8
221.9 0.0
232.3 0.0
