106
226.1 0.8
242.0 1.8
258.0 2.8
273.8 5.0
286.7 13.7
299.4 22.7
311.8 32.0
324.1 41.4
334.6 52.3
344.5 63.5
354.2 74.9
363.9 86.3
373.3 97.9
382.1 109.7
390.5 121.7
398.5 134.0
404.7 146.7
410.3 159.6
415.9 172.5
419.9 185.5
423.7 198.6
426.7 211.6
428.9 224.6
430.8 237.6
431.4 250.3
431.8 263.0
431.9 275.6
430.9 287.8
429.5 299.9
427.5 311.7
424.9 323.2
422.1 334.6
419.3 345.9
412.8 354.1
406.4 362.3
399.9 370.4
393.4 378.5
385.8 384.9
378.1 391.2
370.5 397.5
362.5 403.1
354.4 408.5
346.1 413.4
337.7 417.7
329.1 421.7
320.5 425.6
311.9 429.3
303.1 432.3
294.2 434.7
285.2 436.6
276.2 437.9
267.2 438.6
258.1 439.3
249.1 439.9
240.2 438.5
231.5 436.0
223.0 432.9
214.6 429.8
206.2 426.2
198.1 422.2
190.4 417.1
182.7 412.1
175.2 406.5
167.9 400.8
161.1 394.2
154.5 387.3
148.0 380.3
141.6 373.2
135.3 366.0
129.0 358.7
122.8 351.4
117.0 343.5
111.5 335.4
106.8 326.5
102.2 317.5
97.9 308.2
94.0 298.7
90.6 288.9
87.6 278.7
84.8 268.5
82.1 258.1
79.9 247.5
78.0 236.8
76.0 226.1
74.4 215.3
72.8 204.4
71.6 193.4
70.5 182.3
70.7 170.8
72.6 159.0
76.0 147.1
79.5 135.1
83.8 123.2
88.2 111.3
92.9 99.5
98.7 87.8
107.1 76.8
115.7 66.0
124.5 55.3
133.9 44.8
144.4 35.1
156.0 26.2
168.4 18.0
180.8 9.9
195.2 4.4
210.1 0.0
