200
249.9 19.5
257.7 19.7
265.5 20.0
273.3 20.4
281.1 20.9
288.8 21.5
296.6 22.1
304.3 23.2
312.0 24.5
319.6 26.2
327.1 28.0
334.7 29.8
342.0 32.3
349.4 34.8
356.6 37.7
363.5 41.2
370.3 44.8
376.8 49.0
383.2 53.3
389.5 57.8
395.7 62.3
401.9 66.9
407.9 71.8
413.8 76.7
419.6 81.8
424.7 87.5
429.8 93.3
434.7 99.2
439.0 105.5
443.3 111.8
447.0 118.5
450.6 125.2
454.3 131.8
457.8 138.6
461.2 145.4
464.6 152.2
468.0 159.0
471.3 165.9
474.3 172.8
476.8 179.9
479.0 187.2
481.0 194.5
483.0 201.8
484.9 209.0
486.8 216.4
488.2 223.7
489.5 231.2
490.3 238.6
491.0 246.1
491.5 253.6
491.9 261.0
492.3 268.5
492.6 276.0
492.6 283.5
492.0 290.9
491.1 298.3
490.0 305.6
488.4 312.9
486.6 320.0
484.1 327.0
481.3 333.9
478.0 340.4
474.6 346.9
471.0 353.3
467.4 359.7
463.6 366.0
459.8 372.3
455.7 378.3
451.2 384.1
446.6 389.8
441.9 395.4
437.2 401.0
432.4 406.4
427.5 411.8
422.5 417.2
417.5 422.5
412.1 427.4
406.7 432.2
401.2 437.0
395.7 441.8
390.1 446.4
384.4 450.9
378.7 455.4
372.8 459.6
366.7 463.6
360.2 467.0
353.8 470.2
346.8 472.1
339.8 473.8
332.7 475.2
325.6 476.6
318.4 477.2
311.2 477.8
303.9 477.8
296.7 477.7
289.5 477.3
282.3 476.8
275.1 476.2
267.9 475.4
260.7 474.7
253.5 473.9
246.3 473.1
239.1 472.2
231.9 471.2
224.8 470.3
217.6 469.3
210.4 468.2
203.3 467.2
196.2 465.5
189.2 463.5
182.3 461.6
175.3 459.5
168.4 457.1
161.8 454.2
155.2 451.2
148.6 448.1
142.1 444.9
136.0 440.9
129.9 436.9
123.8 432.9
117.7 428.8
111.7 424.7
105.7 420.6
99.6 416.5
93.6 412.4
87.8 407.9
82.3 403.1
77.2 397.9
72.1 392.6
67.2 387.1
62.8 381.2
58.5 375.2
54.3 369.1
50.3 363.0
46.4 356.7
42.5 350.4
38.7 344.1
34.9 337.8
31.1 331.4
27.6 324.9
24.5 318.2
21.9 311.2
19.4 304.2
16.9 297.2
14.4 290.2
12.5 283.0
10.6 275.7
8.7 268.5
7.0 261.2
5.3 253.9
4.1 246.6
2.9 239.2
1.9 231.7
0.9 224.3
0.0 216.8
0.0 209.3
0.0 201.8
0.4 194.2
1.2 186.7
3.0 179.3
4.8 171.9
6.9 164.6
9.2 157.4
11.7 150.1
14.6 143.1
18.0 136.2
22.3 129.8
26.7 123.5
31.2 117.3
35.9 111.2
40.5 105.0
46.1 99.7
51.7 94.3
57.4 89.1
63.1 83.9
69.0 78.9
75.2 74.2
81.3 69.5
87.7 65.0
94.2 60.7
100.8 56.8
107.6 53.0
114.5 49.3
121.5 45.9
128.5 42.6
135.7 39.7
143.0 36.9
150.4 34.4
157.8 32.0
165.2 29.8
172.8 27.9
180.4 26.0
187.9 24.2
195.6 22.9
203.3 21.5
211.0 20.6
218.8 20.1
226.6 19.8
234.4 19.6
242.1 19.5
