70
319.5 33.3
339.1 37.1
358.7 41.5
377.9 47.3
396.8 54.7
414.1 65.6
429.1 80.0
443.1 95.4
456.9 111.1
470.0 127.4
481.0 145.3
490.9 164.0
500.0 183.1
495.7 204.1
491.0 225.0
485.0 245.6
477.9 265.8
467.7 284.7
455.9 302.5
443.4 319.8
430.5 336.7
417.3 353.4
403.8 369.9
388.5 384.5
372.2 398.0
355.7 411.2
339.1 424.2
322.3 437.0
304.7 448.5
286.2 458.3
266.7 465.5
246.4 468.5
226.1 469.1
205.9 467.7
185.8 466.0
165.9 463.3
147.1 456.8
128.6 449.8
110.7 441.6
93.7 431.9
79.7 418.6
67.3 404.0
56.7 388.1
47.4 371.6
39.2 354.5
32.0 337.0
26.3 319.1
24.3 300.4
23.0 281.8
24.6 263.2
28.8 245.0
34.8 227.3
43.1 210.5
52.4 194.3
63.3 179.0
74.8 164.1
86.7 149.6
99.9 136.1
113.8 123.3
128.2 111.0
142.6 98.7
157.2 86.5
173.8 77.2
190.7 68.2
207.9 59.7
225.5 52.1
243.5 45.1
261.6 38.5
280.5 34.0
299.8 30.9
