157
212.7 6.5
222.0 6.9
231.4 7.6
240.7 8.4
249.9 9.3
259.2 10.4
268.3 12.0
277.2 14.3
286.0 16.9
294.5 20.1
302.7 23.8
310.8 27.8
318.8 32.0
326.6 36.4
334.1 41.2
341.7 46.0
349.1 51.0
356.4 56.1
363.6 61.4
370.8 66.7
377.8 72.1
384.8 77.6
391.7 83.1
398.6 88.7
405.3 94.5
411.8 100.5
417.6 107.1
423.4 113.7
428.8 120.6
433.8 127.8
438.6 135.1
443.0 142.6
447.3 150.2
451.7 157.7
455.4 165.6
458.7 173.7
461.7 181.8
464.5 190.0
466.8 198.4
468.7 206.8
470.6 215.3
472.3 223.8
473.6 232.4
474.6 241.0
475.4 249.7
475.2 258.4
474.7 267.1
473.9 275.8
472.5 284.4
471.1 293.0
469.7 301.7
468.2 310.3
466.4 318.8
464.2 327.3
461.9 335.8
459.6 344.3
457.1 352.7
454.4 361.1
451.6 369.5
448.0 377.5
443.8 385.4
439.4 393.2
434.9 400.9
429.5 408.1
424.2 415.3
418.6 422.4
412.1 428.8
405.4 435.1
398.3 440.8
390.8 446.3
383.0 451.3
375.1 456.3
367.0 460.9
358.7 465.3
350.0 469.0
341.3 472.6
332.5 476.2
323.4 479.1
314.3 482.1
305.2 485.0
296.1 487.8
287.0 490.7
277.7 493.1
268.1 494.7
258.6 496.3
249.0 497.9
239.3 499.1
229.6 500.0
219.7 500.0
209.8 499.1
199.9 497.6
190.0 495.6
180.2 493.5
170.6 489.9
161.1 486.1
151.8 481.9
142.6 477.2
133.6 472.0
124.7 466.7
116.0 461.1
107.7 454.7
99.6 448.2
91.5 441.4
83.6 434.6
76.6 426.6
69.8 418.5
63.0 410.4
57.3 401.4
52.2 392.1
47.2 382.6
42.3 373.1
37.5 363.6
33.2 353.9
29.3 343.9
25.7 333.8
22.4 323.6
19.2 313.4
16.2 303.1
13.2 292.9
10.6 282.5
8.2 272.0
6.0 261.6
4.3 251.0
3.0 240.4
2.4 229.7
2.5 219.0
3.8 208.5
5.4 198.0
7.6 187.6
10.3 177.3
13.4 167.2
16.9 157.3
21.2 147.8
26.4 138.7
31.8 129.8
37.4 121.1
43.1 112.4
48.7 103.7
54.5 95.1
61.3 87.4
68.1 79.7
75.1 72.3
82.2 65.0
89.7 58.1
97.2 51.3
104.9 44.7
112.9 38.5
120.9 32.4
129.5 27.4
138.3 23.0
147.2 18.8
156.3 15.1
165.6 12.3
175.0 9.8
184.3 7.5
193.8 6.5
203.2 6.4
