54
237.3 15.3
262.5 20.4
287.3 27.4
312.1 34.5
336.3 43.9
359.8 55.2
378.6 74.5
396.4 94.8
414.2 115.3
431.1 136.5
447.9 157.9
462.4 181.4
472.1 207.8
478.1 235.7
482.6 264.1
486.6 292.6
490.5 321.1
494.0 349.7
490.1 379.1
479.1 407.2
462.5 433.0
440.1 454.6
416.0 474.3
386.6 485.1
356.8 495.0
325.9 500.0
294.8 498.8
263.7 497.4
232.7 495.2
202.5 488.7
178.7 470.7
155.3 452.3
133.9 431.9
113.1 411.0
92.3 390.1
71.7 369.1
51.5 347.7
37.1 322.9
25.1 297.1
15.3 270.7
11.8 243.4
12.9 216.4
17.3 190.0
23.3 164.2
30.2 138.6
43.8 116.6
61.1 97.7
79.6 80.2
98.6 63.3
119.3 48.6
140.0 33.9
163.4 24.4
187.2 16.0
212.0 11.1
