149
245.6 0.1
256.3 0.2
267.0 0.4
277.6 1.7
288.1 3.0
298.6 4.9
309.0 7.1
319.4 9.7
329.5 12.9
339.4 16.8
349.2 20.6
359.1 24.6
368.4 29.6
377.4 35.1
386.0 41.2
394.5 47.4
402.5 54.1
410.3 61.2
418.1 68.2
425.5 75.6
432.3 83.5
438.8 91.7
445.3 99.8
451.5 108.2
457.6 116.6
462.8 125.6
467.2 134.9
471.5 144.4
475.5 153.9
479.2 163.5
481.7 173.4
483.8 183.5
485.5 193.6
487.0 203.7
487.7 213.8
488.2 224.0
488.6 234.2
488.7 244.4
488.6 254.5
488.4 264.7
488.0 274.9
487.5 285.0
486.7 295.1
486.0 305.3
484.3 315.2
481.3 324.8
477.8 334.3
474.2 343.7
470.6 353.1
466.6 362.3
462.2 371.3
457.5 380.2
452.6 389.0
446.5 396.8
439.2 403.7
431.8 410.3
424.2 416.8
416.5 423.2
408.6 429.2
400.4 434.9
392.2 440.6
383.7 445.7
375.0 450.6
366.1 455.0
356.9 458.9
347.7 462.7
338.4 466.2
329.1 469.8
319.7 473.0
310.2 475.9
300.4 477.8
290.5 479.3
280.6 480.5
270.7 481.5
260.7 482.1
250.7 482.4
240.8 482.6
230.8 482.6
220.8 482.4
210.8 482.0
200.8 481.2
190.8 480.4
180.9 479.3
170.9 478.2
161.0 476.8
151.3 474.3
141.7 471.4
132.2 468.1
122.7 464.8
114.0 459.6
105.6 453.9
97.3 448.0
89.1 442.1
80.9 436.1
73.2 429.4
65.8 422.4
59.3 414.5
52.8 406.6
46.7 398.4
41.1 389.7
35.6 381.0
30.7 371.9
26.2 362.7
21.7 353.4
17.4 344.0
13.5 334.4
10.4 324.5
7.8 314.4
6.2 304.1
5.0 293.7
4.4 283.2
3.9 272.7
4.1 262.2
4.7 251.7
5.7 241.3
6.8 230.8
8.1 220.3
9.9 209.9
12.4 199.6
15.2 189.4
18.3 179.3
21.5 169.2
25.6 159.4
30.1 149.7
34.6 140.1
39.3 130.6
45.1 121.6
51.1 112.8
57.5 104.2
64.4 96.1
71.6 88.1
78.7 80.2
86.1 72.4
93.7 64.8
101.2 57.2
108.8 49.7
116.5 42.3
124.6 35.2
132.7 28.2
142.0 22.8
152.0 19.1
162.1 15.4
172.2 11.7
182.3 8.1
192.5 4.9
202.9 2.5
213.5 0.9
224.2 0.0
234.9 -0.0
