75
303.6 25.8
322.9 27.7
342.1 31.0
361.2 34.8
380.0 40.1
398.4 46.9
415.4 57.0
430.1 70.5
443.8 85.0
457.4 99.7
470.3 115.1
481.1 132.0
490.9 149.6
500.0 167.7
498.5 187.9
494.6 207.8
490.7 227.6
486.4 247.4
480.9 266.9
474.3 286.0
464.8 303.8
453.7 320.6
441.9 336.9
429.7 352.9
417.2 368.6
404.5 384.1
390.1 397.9
374.6 410.5
359.0 422.8
343.3 435.0
327.3 446.9
310.6 457.6
293.1 466.8
274.6 473.4
255.3 475.8
236.0 476.0
216.8 474.4
197.7 472.3
178.8 469.4
160.0 465.8
142.2 459.2
124.7 452.0
107.6 443.8
91.5 434.0
77.7 421.4
64.5 408.3
52.8 393.8
42.8 378.2
34.2 361.9
26.5 345.1
19.9 327.9
14.6 310.2
13.0 291.9
12.0 273.6
13.8 255.3
18.1 237.4
24.1 220.0
32.4 203.5
41.7 187.5
52.5 172.4
63.8 157.6
75.5 143.3
88.5 129.9
102.2 117.2
116.3 105.0
130.5 92.8
144.7 80.7
161.1 71.4
177.6 62.3
194.4 53.8
211.7 46.1
229.3 39.0
247.0 32.3
265.5 27.6
284.3 24.2
