69
224.1 23.9
245.0 26.2
265.5 30.0
286.1 33.9
306.6 38.0
326.7 43.6
346.3 50.6
363.9 61.5
379.9 74.6
395.2 88.5
410.4 102.6
425.0 117.2
439.5 131.9
452.1 148.2
461.3 166.8
467.5 186.5
472.6 206.5
477.4 226.7
482.1 246.8
486.4 267.1
485.2 287.8
483.1 308.6
478.0 328.8
471.3 348.7
464.6 368.6
457.5 388.3
446.7 406.4
433.7 423.2
418.4 438.1
401.8 451.6
382.9 462.0
362.3 468.7
341.4 474.7
319.7 477.6
297.9 479.9
276.0 477.4
254.1 474.9
232.2 472.2
210.3 469.1
188.6 465.2
167.0 460.4
145.7 454.0
126.1 443.4
109.7 428.2
93.6 412.6
79.1 395.6
65.0 378.2
50.9 360.8
36.9 343.3
23.3 325.6
14.1 305.2
6.7 284.1
1.0 262.5
0.0 240.2
2.5 218.2
7.6 196.6
13.8 175.5
20.8 154.5
28.6 134.0
40.6 115.7
55.5 99.8
71.2 85.0
87.4 70.6
104.8 57.9
122.3 45.3
141.8 36.5
161.6 28.6
182.2 23.4
203.2 22.2
