152
236.6 0.0
247.1 0.2
257.6 0.3
268.0 0.7
278.4 1.9
288.8 3.2
299.0 5.2
309.2 7.4
319.4 10.0
329.3 13.2
339.0 17.0
348.6 20.8
358.3 24.7
367.4 29.7
376.2 35.1
384.7 41.0
393.0 47.2
400.9 53.8
408.6 60.7
416.2 67.6
423.5 74.8
430.2 82.6
436.6 90.6
443.0 98.6
449.1 106.8
455.1 115.1
460.2 123.8
464.6 133.0
468.8 142.2
472.8 151.5
476.5 160.9
479.0 170.7
481.2 180.5
482.8 190.4
484.4 200.3
485.1 210.2
485.7 220.2
486.2 230.1
486.4 240.1
486.3 250.1
486.2 260.0
485.9 269.9
485.5 279.9
484.9 289.8
484.2 299.7
482.7 309.4
479.8 318.8
476.5 328.1
473.1 337.3
469.6 346.5
465.9 355.5
461.7 364.4
457.2 373.1
452.5 381.6
446.7 389.4
440.7 397.1
433.8 403.8
426.6 410.3
419.4 416.7
412.0 423.0
404.3 428.8
396.5 434.5
388.6 440.1
380.4 445.2
372.1 450.0
363.5 454.3
354.6 458.2
345.8 461.9
336.8 465.4
327.8 468.9
318.8 472.1
309.6 475.0
300.2 476.9
290.7 478.5
281.1 479.7
271.6 480.8
262.0 481.4
252.3 481.8
242.7 482.0
233.1 482.1
223.5 481.9
213.8 481.6
204.2 480.9
194.6 480.2
185.0 479.3
175.4 478.2
165.9 476.9
156.5 474.6
147.3 471.8
138.1 468.7
128.9 465.5
120.6 460.6
112.5 455.1
104.6 449.4
96.6 443.7
88.8 438.0
81.4 431.5
74.3 424.8
68.0 417.2
61.8 409.6
55.8 401.7
49.9 393.8
44.6 385.5
39.3 377.1
34.7 368.4
30.3 359.4
26.0 350.4
21.9 341.4
18.2 332.1
15.3 322.6
12.9 312.8
11.4 302.9
10.3 292.9
9.9 282.8
9.5 272.6
9.2 262.5
9.4 252.4
10.1 242.3
11.2 232.1
12.3 222.0
13.6 211.9
15.5 201.9
18.0 192.0
20.8 182.1
23.9 172.3
27.0 162.6
31.1 153.1
35.5 143.8
40.1 134.6
44.7 125.3
50.4 116.7
56.3 108.2
62.6 100.0
69.4 92.1
76.4 84.4
83.5 76.8
90.8 69.3
98.2 62.0
105.6 54.7
113.0 47.4
120.6 40.3
128.5 33.5
136.5 26.7
145.6 21.6
155.4 18.0
165.3 14.5
175.2 11.0
185.1 7.6
195.1 4.5
205.3 2.2
215.7 0.8
226.2 0.0
