116
287.4 10.0
300.0 12.7
312.5 15.8
325.0 18.9
337.4 22.3
349.2 27.1
360.9 32.3
372.5 37.5
384.0 42.8
394.8 49.4
405.4 56.1
415.5 63.5
424.0 72.5
431.7 82.2
438.1 92.7
444.0 103.3
449.5 114.2
454.4 125.4
459.0 136.7
463.6 147.9
467.3 159.5
470.5 171.2
472.4 183.1
473.0 195.1
473.7 207.2
474.2 219.2
474.7 231.2
474.2 243.2
473.5 255.2
471.9 267.1
469.5 278.9
466.7 290.6
463.6 302.2
460.5 313.8
456.3 325.0
452.0 336.3
447.4 347.4
440.8 357.4
433.9 367.3
426.9 377.2
418.9 386.3
410.5 395.1
402.1 403.8
393.5 412.4
384.9 420.9
375.5 428.7
366.2 436.5
356.2 443.6
346.0 450.4
335.8 457.0
325.3 463.4
314.6 469.4
303.5 474.9
292.1 479.7
280.5 483.9
268.2 486.3
255.8 488.4
243.3 489.8
230.6 490.1
217.9 489.2
205.4 486.2
192.9 482.7
180.5 479.1
168.1 475.3
155.8 471.1
143.6 466.7
131.5 462.0
119.4 457.1
107.3 452.1
95.7 446.1
84.5 439.1
74.2 430.8
63.8 422.4
53.8 413.7
44.0 404.5
34.5 395.2
25.5 385.2
19.4 373.0
14.6 360.2
10.1 347.3
6.8 334.0
4.2 320.5
2.6 306.8
1.3 293.0
0.0 279.3
2.8 265.8
5.8 252.3
8.9 238.8
12.3 225.4
16.7 212.3
22.2 199.6
27.9 187.0
33.9 174.5
40.4 162.3
47.2 150.4
54.2 138.4
61.5 126.8
68.9 115.1
76.3 103.5
86.0 93.8
95.7 84.2
105.8 75.0
116.4 66.5
127.3 58.2
138.1 50.0
149.5 42.6
161.0 35.4
172.6 28.4
184.3 21.7
196.4 15.8
209.0 11.0
222.1 9.7
235.2 9.1
248.3 8.5
261.4 8.3
274.5 8.2
