55
236.7 13.3
262.1 18.4
287.3 25.4
312.3 32.5
336.8 41.9
360.6 53.0
379.8 72.2
398.0 92.3
416.1 112.6
433.4 133.7
450.6 154.9
465.4 178.2
475.6 204.4
482.1 232.0
487.0 260.2
491.6 288.4
496.0 316.7
500.0 345.1
496.7 374.1
486.4 402.0
470.6 427.6
449.0 449.0
425.6 468.6
397.1 479.3
368.2 489.1
338.2 494.1
308.0 493.0
277.8 491.6
247.7 489.5
217.7 486.5
188.4 480.2
165.4 462.4
142.8 444.2
122.2 424.1
102.1 403.5
82.1 382.9
62.3 362.2
42.9 341.1
29.3 316.6
18.0 291.1
8.8 265.1
5.9 238.1
7.5 211.5
12.4 185.5
18.9 160.0
26.3 134.8
40.3 113.0
57.9 94.4
76.8 77.1
96.2 60.5
117.2 46.0
138.2 31.5
161.9 22.2
186.0 13.9
211.2 9.1
