154
232.6 0.0
243.0 0.2
253.3 0.4
263.6 0.7
273.9 2.0
284.1 3.3
294.2 5.2
304.3 7.5
314.3 10.0
324.1 13.2
333.6 17.0
343.2 20.7
352.7 24.6
361.7 29.5
370.5 34.8
379.2 40.2
387.5 46.0
395.8 52.1
403.5 58.7
411.1 65.5
418.6 72.4
425.8 79.5
432.4 87.2
438.7 95.1
445.0 103.0
451.1 111.1
456.9 119.3
462.0 128.0
466.3 137.1
470.5 146.2
474.4 155.4
478.0 164.7
480.5 174.4
482.6 184.1
484.2 193.9
485.8 203.7
486.5 213.5
487.0 223.4
487.5 233.2
487.7 243.1
487.6 252.9
487.5 262.8
487.2 272.6
486.7 282.4
486.1 292.2
485.4 302.0
483.9 311.7
481.0 321.0
477.7 330.2
474.4 339.3
471.0 348.4
467.2 357.3
463.0 366.1
458.6 374.7
454.0 383.2
448.2 390.8
442.3 398.5
435.4 405.1
428.3 411.6
421.1 417.9
413.8 424.1
406.2 429.9
398.4 435.5
390.6 441.0
382.5 446.1
374.3 450.9
365.7 455.1
357.0 459.0
348.2 462.7
339.4 466.2
330.5 469.7
321.5 472.8
312.4 475.7
303.1 477.6
293.7 479.1
284.2 480.4
274.8 481.5
265.3 482.1
255.7 482.5
246.2 482.7
236.7 482.8
227.2 482.7
217.6 482.4
208.1 481.7
198.6 481.0
189.1 480.1
179.6 479.1
170.2 477.8
160.9 475.5
151.7 472.7
142.6 469.7
133.6 466.6
125.3 461.7
117.3 456.3
109.4 450.7
101.6 445.1
93.8 439.4
86.5 433.1
79.4 426.5
73.0 419.1
66.8 411.6
60.7 404.1
54.8 396.3
48.9 388.5
43.6 380.3
38.4 372.1
33.8 363.4
29.5 354.6
25.3 345.7
21.2 336.8
17.5 327.7
14.6 318.2
12.2 308.6
10.7 298.8
9.6 288.9
9.2 278.9
8.7 269.0
8.4 259.0
8.7 249.0
9.3 239.0
10.4 229.0
11.5 219.0
12.8 209.0
14.6 199.1
17.0 189.3
19.8 179.6
22.8 169.9
25.9 160.3
29.9 151.0
34.3 141.8
38.8 132.7
43.3 123.6
49.0 115.0
54.8 106.6
61.0 98.5
67.7 90.8
74.6 83.2
81.6 75.7
88.7 68.3
96.0 61.1
103.3 53.9
110.7 46.7
118.2 39.7
126.0 33.0
133.8 26.3
142.8 21.2
152.5 17.7
162.3 14.2
172.0 10.8
181.8 7.4
191.7 4.4
201.8 2.2
212.0 0.7
222.3 0.0
