50
244.8 19.7
270.9 24.1
296.5 30.7
321.5 39.6
345.8 50.5
365.1 69.8
383.4 90.3
401.6 110.9
419.0 132.3
436.2 153.9
450.9 177.7
460.6 204.5
466.5 233.0
470.6 262.0
474.4 291.0
478.0 320.1
481.1 349.4
476.4 379.3
464.3 408.1
446.3 434.3
422.1 456.1
396.1 475.9
364.5 486.3
332.5 495.7
299.4 500.0
266.0 497.8
232.7 495.2
199.4 491.9
173.8 471.9
148.5 451.4
125.4 428.9
102.9 405.9
80.6 382.7
58.8 359.1
43.1 331.9
29.9 303.7
19.1 274.8
14.8 245.0
19.0 216.2
24.7 187.9
31.5 159.9
45.3 135.7
63.0 114.8
82.0 95.2
101.6 76.4
122.9 59.8
144.2 43.4
168.4 32.4
193.0 22.4
218.7 16.3
