91
252.3 1.0
269.9 2.9
287.1 6.7
303.7 12.4
320.3 18.1
336.9 24.0
353.3 30.1
369.2 37.3
384.1 46.4
398.7 55.8
411.5 67.2
424.3 78.8
436.3 91.0
447.9 103.6
458.7 116.8
466.0 131.9
472.6 147.2
477.2 163.2
479.6 179.4
480.8 195.7
481.8 211.9
481.2 228.1
480.0 244.2
478.5 260.3
477.0 276.3
475.2 292.4
473.2 308.3
468.2 323.4
462.2 338.0
455.4 352.2
447.8 366.0
439.0 379.0
429.0 390.8
418.1 401.9
406.9 412.6
395.0 422.4
382.3 431.1
369.4 439.6
356.2 447.5
342.5 454.4
328.8 461.3
314.4 466.5
299.8 471.2
284.6 473.3
269.4 475.2
254.1 476.2
238.7 476.5
223.4 476.1
208.0 475.7
192.7 474.7
177.5 472.1
162.6 468.0
147.8 463.4
133.5 457.3
119.6 450.3
106.4 441.9
93.4 433.2
80.7 424.0
69.3 413.0
58.4 401.4
48.0 389.4
39.1 376.0
30.9 362.2
23.9 347.6
18.0 332.4
14.3 316.3
11.0 300.1
9.0 283.6
8.7 266.9
11.9 250.2
16.5 233.8
21.3 217.4
26.7 201.2
32.3 185.0
38.2 168.9
44.6 152.9
51.7 137.2
59.2 121.7
66.8 106.2
74.7 90.8
83.6 76.0
94.7 62.5
106.3 49.4
118.2 36.5
133.4 27.5
149.1 19.3
165.1 11.7
182.1 6.7
199.3 2.3
216.9 0.3
234.6 0.0
