117
293.2 14.6
305.5 17.3
317.8 20.3
330.0 23.4
342.1 26.8
353.7 31.5
365.0 36.6
376.4 41.8
387.7 47.1
398.2 53.5
408.6 60.2
418.5 67.5
426.8 76.5
434.2 86.0
440.4 96.3
446.2 106.9
451.5 117.7
456.2 128.7
460.6 139.8
465.0 151.0
468.6 162.4
471.7 173.9
473.4 185.7
473.9 197.6
474.5 209.5
474.9 221.4
475.3 233.3
474.7 245.1
473.8 257.0
472.2 268.8
469.7 280.4
466.8 291.9
463.6 303.4
460.4 314.9
456.2 326.0
451.9 337.1
447.2 348.1
440.6 358.0
433.6 367.8
426.6 377.6
418.6 386.5
410.2 395.2
401.8 403.8
393.2 412.3
384.6 420.7
375.2 428.5
365.9 436.2
355.9 443.2
345.8 449.9
335.5 456.5
325.1 462.8
314.3 468.7
303.3 474.2
291.9 478.9
280.3 483.1
268.1 485.5
255.7 487.5
243.3 488.9
230.7 489.2
218.0 488.3
205.5 485.4
193.1 481.9
180.7 478.3
168.4 474.7
156.1 470.5
144.0 466.1
131.9 461.5
119.8 456.7
107.8 451.8
96.2 445.8
85.0 438.9
74.7 430.7
64.4 422.4
54.3 413.8
44.6 404.8
35.1 395.6
26.1 385.7
19.9 373.7
15.1 361.1
10.6 348.3
7.2 335.2
4.5 321.8
2.8 308.3
1.4 294.8
-0.0 281.2
2.7 267.8
5.5 254.5
8.5 241.2
11.7 228.0
16.0 215.0
21.2 202.5
26.8 190.1
32.6 177.8
38.9 165.8
45.6 154.0
52.3 142.2
59.4 130.7
66.6 119.2
73.8 107.7
83.2 98.1
92.7 88.6
102.6 79.5
113.0 71.2
123.6 63.0
134.2 54.9
145.3 47.6
156.5 40.5
167.9 33.6
179.4 27.0
191.2 21.2
203.5 16.4
216.3 15.1
229.2 14.2
242.0 13.6
254.9 13.1
267.7 12.9
280.6 12.8
