191
264.9 32.5
271.9 33.1
278.9 33.9
285.8 34.8
292.8 35.8
299.7 37.3
306.6 38.9
313.4 41.0
320.3 43.1
327.0 45.4
333.8 47.8
340.4 50.6
347.0 53.4
353.6 56.5
360.1 59.6
366.5 63.0
373.0 66.4
379.3 69.9
385.7 73.5
392.0 77.1
398.0 81.4
403.9 85.8
409.8 90.3
415.4 95.3
420.9 100.2
426.5 105.2
432.0 110.2
437.2 115.7
442.4 121.1
447.6 126.6
452.4 132.4
457.1 138.4
461.4 144.8
465.5 151.3
469.5 157.9
472.7 165.0
475.8 172.2
478.9 179.4
481.5 186.9
483.9 194.4
486.2 201.9
488.5 209.5
490.6 217.2
492.5 224.9
494.3 232.7
495.8 240.6
497.0 248.5
498.1 256.5
498.9 264.5
499.6 272.6
500.0 280.7
499.9 288.8
499.8 297.0
498.0 305.1
495.1 312.9
492.2 320.8
489.1 328.5
485.4 336.1
481.5 343.6
477.5 351.0
473.3 358.3
468.8 365.4
463.4 371.9
457.9 378.4
452.3 384.7
446.4 390.8
440.3 396.8
434.3 402.7
428.2 408.6
422.1 414.5
415.7 420.1
408.8 425.1
402.0 430.1
395.0 434.9
388.0 439.7
380.6 443.9
373.3 448.1
365.8 452.1
358.0 455.3
350.1 458.4
342.2 461.3
334.2 463.9
326.1 466.2
317.9 468.2
309.8 470.3
301.6 471.7
293.3 472.9
285.0 473.9
276.7 474.4
268.4 474.9
260.1 475.3
251.8 475.5
243.5 475.8
235.3 475.7
227.0 475.4
218.8 475.0
210.6 474.4
202.4 473.8
194.2 473.0
186.2 471.5
178.2 469.9
170.3 468.1
162.4 466.0
154.6 463.9
146.8 461.7
139.1 459.4
131.6 456.6
124.1 453.7
116.9 450.2
110.2 446.1
104.5 440.9
98.9 435.6
93.3 430.3
87.7 425.1
82.5 419.5
77.7 413.6
73.0 407.7
68.3 401.7
63.9 395.6
59.6 389.5
55.9 383.0
52.3 376.5
48.8 370.0
45.4 363.4
42.4 356.6
39.4 349.9
36.5 343.2
34.3 336.2
32.2 329.3
30.4 322.2
29.1 315.2
28.0 308.1
27.3 301.0
26.7 293.9
26.2 286.8
26.1 279.7
26.3 272.7
26.8 265.7
27.3 258.7
27.8 251.7
28.5 244.7
29.4 237.8
30.3 230.9
31.5 224.0
32.7 217.1
33.9 210.3
35.5 203.5
37.4 196.8
39.3 190.2
41.6 183.7
44.0 177.3
46.6 170.9
49.4 164.6
52.3 158.4
55.2 152.2
58.4 146.2
61.9 140.3
65.6 134.5
69.4 128.9
73.6 123.6
78.0 118.4
82.6 113.4
87.2 108.4
91.8 103.4
97.0 99.0
102.3 94.8
107.6 90.6
113.1 86.6
118.6 82.7
124.1 78.7
129.8 75.0
135.5 71.4
141.3 67.8
147.2 64.4
153.3 61.3
159.3 58.3
165.5 55.4
171.7 52.6
178.0 49.9
184.3 47.4
190.8 45.2
197.3 43.1
203.8 41.1
210.4 39.2
217.0 37.3
223.7 35.9
230.4 34.6
237.3 33.8
244.2 33.0
251.0 32.4
257.9 31.9
