131
267.1 39.5
277.4 42.0
287.6 45.3
297.7 48.7
307.7 52.4
317.6 56.6
327.3 61.1
337.1 65.6
346.7 70.3
356.1 75.6
365.4 81.0
374.7 86.4
383.8 92.2
392.8 98.3
401.2 105.1
409.6 112.0
417.6 119.3
425.4 127.0
433.0 134.8
440.4 142.8
447.7 150.9
454.9 159.1
461.2 168.1
467.4 177.1
473.5 186.3
479.3 195.6
485.1 205.0
490.2 214.8
493.8 225.3
497.4 235.8
499.2 246.8
499.8 257.9
500.0 269.1
497.9 280.2
494.7 290.9
491.3 301.7
487.8 312.4
482.6 322.3
476.9 332.0
471.1 341.7
465.2 351.3
459.0 360.7
452.5 369.8
445.8 378.8
439.0 387.8
432.0 396.6
424.4 404.9
416.3 412.6
408.0 420.2
399.3 427.3
389.8 433.2
380.1 438.8
370.2 444.0
359.9 448.3
349.5 452.1
339.0 455.8
328.3 459.0
317.5 461.4
306.6 463.3
295.7 465.0
284.7 466.1
273.7 467.0
262.8 466.5
251.8 466.0
240.8 465.4
230.1 463.2
219.5 461.1
209.1 457.7
199.2 453.5
189.3 449.2
179.4 444.8
169.7 440.1
160.1 435.2
150.6 430.2
141.4 424.6
132.3 418.9
123.3 413.0
114.8 406.5
106.4 399.9
98.2 393.2
90.5 385.8
83.0 378.3
76.0 370.3
69.3 362.1
62.8 353.8
56.6 345.3
50.6 336.6
44.9 327.7
39.4 318.7
35.4 309.1
31.4 299.4
27.8 289.6
24.5 279.7
21.5 269.7
19.1 259.6
17.8 249.3
16.8 239.0
16.9 228.6
17.3 218.3
18.1 208.0
19.3 197.7
20.7 187.5
22.3 177.3
24.5 167.2
27.1 157.2
31.2 147.8
36.0 138.7
43.0 131.1
50.0 123.6
57.4 116.4
65.1 109.5
73.4 103.3
81.8 97.3
90.4 91.6
99.3 86.3
108.2 81.1
117.3 76.0
126.5 71.2
135.8 66.6
145.2 62.3
154.7 58.0
164.2 53.8
173.8 49.9
183.8 47.1
194.0 44.7
204.3 42.8
214.6 40.9
225.0 40.0
235.5 39.2
246.0 38.9
256.6 38.7
