178
267.9 1.3
276.6 3.3
285.2 5.5
293.7 7.9
302.2 10.4
310.5 13.6
318.8 16.9
327.0 20.2
335.0 24.0
343.0 27.9
350.9 32.0
358.6 36.3
366.3 40.8
373.8 45.4
381.4 50.1
388.8 55.0
396.1 59.9
402.9 65.7
409.2 71.8
415.3 78.2
421.3 84.7
427.0 91.4
432.6 98.2
438.1 105.1
443.7 112.0
448.9 119.0
453.9 126.3
458.8 133.6
463.3 141.1
467.9 148.6
472.1 156.3
476.0 164.2
479.3 172.3
482.2 180.5
485.0 188.8
487.2 197.2
489.0 205.7
490.6 214.3
492.2 222.8
492.9 231.4
493.6 240.1
493.5 248.7
492.3 257.2
490.7 265.6
489.0 274.0
487.2 282.4
485.2 290.7
483.3 299.1
481.2 307.4
479.1 315.7
476.9 323.9
474.3 332.1
471.6 340.1
468.5 348.1
465.4 356.0
462.2 363.9
458.9 371.8
455.3 379.4
451.2 386.9
447.2 394.3
442.2 401.1
437.1 407.9
431.8 414.4
426.0 420.5
420.0 426.4
413.8 432.0
407.5 437.6
401.1 442.9
394.2 447.5
386.9 451.7
379.7 455.7
372.3 459.5
364.8 463.3
357.3 466.7
349.4 469.4
341.6 472.1
333.7 474.6
325.8 477.0
317.8 479.3
309.9 481.6
301.9 483.8
293.8 485.9
285.8 487.7
277.7 489.5
269.6 491.0
261.4 491.8
253.1 492.1
244.9 491.8
236.6 491.2
228.4 490.6
220.2 489.8
212.0 488.8
203.9 487.7
195.7 486.5
187.6 485.1
179.6 482.9
171.8 480.4
164.1 477.4
156.8 473.6
149.6 469.7
142.3 465.7
135.3 461.4
128.3 457.0
121.6 452.2
115.0 447.2
109.2 441.3
103.9 434.9
98.8 428.4
93.7 421.8
88.8 415.1
83.8 408.4
79.1 401.6
74.4 394.7
69.6 387.9
64.9 381.0
60.3 374.1
55.9 367.1
51.7 359.9
47.7 352.6
43.9 345.1
40.1 337.7
36.8 330.0
33.5 322.3
30.5 314.5
27.5 306.7
24.7 298.8
22.0 290.9
19.8 282.8
18.1 274.5
16.7 266.2
15.9 257.8
15.3 249.4
14.7 240.9
14.5 232.5
14.5 224.0
15.2 215.5
15.9 207.1
16.9 198.6
17.9 190.2
19.2 181.7
20.6 173.3
22.1 164.9
24.2 156.6
26.3 148.4
28.9 140.2
32.1 132.2
35.3 124.2
39.0 116.4
42.8 108.7
47.0 101.1
51.4 93.7
55.9 86.3
60.6 79.1
66.3 72.5
72.3 66.2
79.0 60.5
85.7 55.0
92.7 49.7
100.0 44.9
107.4 40.2
114.9 35.6
122.5 31.1
130.3 27.1
138.5 23.7
146.6 20.5
154.9 17.5
163.2 14.5
171.7 12.1
180.3 9.7
188.9 7.7
197.5 5.9
206.3 4.4
215.0 2.9
223.7 1.7
232.6 0.8
241.4 0.4
250.3 0.2
259.1 -0.0
