187
226.7 14.7
234.2 15.3
241.7 16.0
249.1 16.9
256.5 18.1
263.7 19.9
270.9 21.7
278.1 23.5
285.1 25.6
292.1 27.9
299.1 30.3
306.1 32.6
313.1 35.0
320.1 37.4
327.0 39.9
333.9 42.6
340.7 45.3
347.4 48.2
354.2 51.1
360.7 54.4
367.1 57.9
373.2 61.9
379.1 66.1
384.8 70.6
390.2 75.3
395.5 80.3
400.6 85.4
405.7 90.4
410.5 95.8
415.1 101.4
419.4 107.1
423.4 113.0
427.1 119.2
430.8 125.3
434.3 131.6
437.7 137.9
441.1 144.2
444.4 150.5
447.7 156.9
450.6 163.5
453.3 170.1
455.7 176.9
458.1 183.6
460.3 190.4
462.5 197.3
464.5 204.1
466.1 211.1
467.4 218.2
468.2 225.4
468.6 232.6
468.8 239.8
468.3 247.0
467.7 254.2
466.9 261.4
466.1 268.7
465.1 275.9
464.0 283.1
462.9 290.2
461.3 297.4
459.7 304.5
458.0 311.6
456.3 318.7
454.4 325.8
452.4 332.8
450.3 339.8
447.8 346.7
445.0 353.6
441.9 360.3
438.8 367.0
435.1 373.4
430.8 379.6
426.5 385.7
422.1 391.8
417.6 397.8
413.0 403.8
408.2 409.6
403.1 415.3
398.1 420.9
393.0 426.5
387.8 432.0
382.6 437.6
377.4 443.0
372.0 448.5
366.6 453.8
361.1 459.0
354.8 463.5
348.1 467.5
341.2 471.1
334.2 474.6
327.1 478.0
319.9 481.2
312.7 484.4
305.3 487.2
297.9 489.9
290.3 492.2
282.6 494.2
274.7 495.7
266.7 497.0
258.7 498.0
250.7 499.0
242.7 499.7
234.5 499.9
226.4 500.0
218.2 499.9
210.0 498.5
201.9 496.9
193.8 495.3
185.7 493.3
177.7 491.0
169.7 488.4
161.9 485.3
154.1 482.2
147.0 477.7
140.2 472.5
133.5 467.2
127.0 461.7
120.8 455.8
114.6 449.9
108.7 443.7
102.8 437.5
97.0 431.2
91.3 424.8
85.7 418.3
80.3 411.6
74.9 404.9
69.9 397.9
64.8 391.0
59.9 383.9
55.3 376.6
51.1 369.1
47.1 361.5
43.2 353.8
39.3 346.1
35.5 338.4
31.8 330.6
28.2 322.8
24.8 314.9
21.8 306.8
19.1 298.6
17.1 290.3
15.5 281.8
14.0 273.4
12.9 264.9
11.9 256.3
11.5 247.8
11.3 239.2
11.5 230.7
12.1 222.2
13.3 213.8
14.7 205.5
17.4 197.5
20.2 189.6
23.0 181.7
26.5 174.1
30.2 166.6
33.9 159.2
37.7 151.7
41.4 144.3
45.6 137.1
49.8 130.0
54.0 122.9
58.5 115.9
63.0 109.1
67.8 102.4
72.7 95.7
77.6 89.2
82.8 82.9
88.2 76.7
93.6 70.6
99.1 64.6
105.1 59.1
111.4 54.2
117.7 49.3
124.4 44.9
131.1 40.6
138.0 36.8
145.0 33.0
152.1 29.8
159.3 26.6
166.6 23.9
174.0 21.3
181.4 18.9
188.8 16.8
196.4 15.7
204.0 15.1
211.6 14.8
219.1 14.6
