198
250.8 18.9
258.7 19.0
266.7 19.3
274.6 19.7
282.5 20.2
290.4 20.8
298.3 21.4
306.2 22.5
314.0 23.8
321.7 25.4
329.4 27.2
337.1 29.1
344.6 31.6
352.1 34.1
359.4 37.0
366.4 40.7
373.0 44.9
379.6 49.3
386.0 53.8
392.3 58.4
398.7 63.0
404.7 67.9
410.8 72.9
416.7 78.0
421.9 83.8
427.1 89.6
432.1 95.6
436.6 101.9
440.9 108.3
444.7 115.0
448.5 121.7
452.2 128.5
455.8 135.3
459.4 142.1
462.9 149.0
466.3 155.9
469.7 162.8
472.8 169.8
475.4 177.0
477.7 184.3
479.7 191.7
481.8 199.0
483.9 206.4
485.8 213.8
487.3 221.2
488.6 228.7
489.6 236.2
490.3 243.8
490.9 251.3
491.3 258.9
491.8 266.4
492.1 274.0
492.2 281.5
491.6 289.0
490.8 296.5
489.8 303.9
488.2 311.2
486.4 318.4
483.9 325.5
481.2 332.4
477.9 339.0
474.5 345.5
471.0 352.0
467.4 358.5
463.6 364.8
459.8 371.1
455.7 377.2
451.2 383.0
446.6 388.8
442.0 394.5
437.3 400.1
432.4 405.6
427.5 411.1
422.5 416.4
417.5 421.8
412.1 426.7
406.7 431.6
401.2 436.4
395.7 441.2
390.1 445.9
384.4 450.5
378.7 455.0
372.8 459.3
366.6 463.2
360.2 466.6
353.7 469.9
346.7 471.8
339.7 473.5
332.6 474.9
325.4 476.3
318.2 476.9
311.0 477.5
303.7 477.5
296.5 477.4
289.2 476.9
282.0 476.4
274.8 475.8
267.6 475.0
260.3 474.2
253.1 473.4
245.9 472.6
238.7 471.7
231.5 470.7
224.3 469.7
217.1 468.7
209.9 467.6
202.8 466.5
195.7 464.8
188.7 462.8
181.7 460.8
174.7 458.7
167.8 456.3
161.2 453.3
154.5 450.3
148.0 447.1
141.4 443.8
135.3 439.8
129.2 435.7
123.1 431.7
117.0 427.6
111.0 423.4
104.9 419.2
98.9 415.1
92.9 410.9
87.1 406.3
81.6 401.5
76.4 396.2
71.4 390.8
66.5 385.3
62.0 379.3
57.8 373.2
53.6 367.0
49.6 360.8
45.7 354.4
41.8 348.1
38.0 341.7
34.2 335.2
30.5 328.8
27.0 322.2
23.9 315.4
21.3 308.3
18.8 301.2
16.4 294.1
14.0 287.0
12.0 279.7
10.2 272.4
8.4 265.1
6.6 257.7
5.1 250.3
3.9 242.8
2.7 235.3
1.7 227.8
0.8 220.3
0.0 212.7
0.0 205.1
0.1 197.4
0.5 189.8
1.4 182.2
3.2 174.7
5.1 167.2
7.3 159.8
9.8 152.4
12.3 145.1
15.3 138.0
18.8 131.0
23.2 124.5
27.7 118.2
32.5 112.0
37.3 105.8
43.0 100.3
48.7 94.9
54.5 89.6
60.4 84.3
66.4 79.3
72.7 74.5
79.0 69.7
85.4 65.2
92.0 60.8
98.8 56.8
105.8 53.0
112.7 49.2
119.9 45.8
127.1 42.4
134.4 39.5
141.8 36.6
149.3 34.1
156.9 31.6
164.5 29.4
172.2 27.5
179.9 25.6
187.6 23.7
195.4 22.3
203.2 20.9
211.1 20.0
219.1 19.5
227.0 19.2
234.9 19.0
242.9 18.8
