141
250.8 29.5
260.5 31.6
270.1 34.5
279.6 37.5
289.0 40.8
298.3 44.6
307.6 48.3
316.8 52.3
326.0 56.3
335.1 60.6
343.9 65.4
352.7 70.3
361.4 75.2
370.1 80.4
378.6 85.7
387.0 91.2
395.0 97.5
402.8 103.8
410.3 110.6
417.7 117.5
425.0 124.6
432.1 131.8
439.0 139.2
445.9 146.7
452.7 154.3
458.5 162.7
464.3 171.1
470.0 179.6
475.4 188.2
480.7 197.0
485.4 206.1
488.7 215.9
492.0 225.7
495.1 235.5
498.0 245.4
499.6 255.7
499.9 266.2
500.0 276.6
498.9 287.1
496.8 297.4
494.6 307.7
491.4 317.8
487.9 327.8
484.4 337.8
479.2 347.0
473.5 356.1
467.8 365.1
462.0 374.0
455.8 382.7
449.4 391.3
442.8 399.6
436.0 408.0
429.2 416.2
421.7 423.8
413.7 430.9
405.5 437.9
397.0 444.5
387.7 449.8
378.2 455.0
368.6 459.7
358.5 463.5
348.3 466.9
338.0 470.1
327.6 472.9
317.0 475.0
306.4 476.6
295.7 477.9
285.0 478.7
274.2 479.2
263.5 478.5
252.8 477.7
242.1 476.8
231.6 474.5
221.2 472.1
211.1 468.6
201.0 465.1
191.3 460.8
181.6 456.3
171.9 451.9
162.4 447.1
153.0 442.1
143.7 437.0
134.7 431.3
125.8 425.6
117.0 419.6
108.6 413.1
100.4 406.5
92.3 399.7
84.7 392.3
77.3 384.9
70.4 376.9
63.8 368.8
57.3 360.5
51.2 352.0
45.3 343.4
39.6 334.6
34.2 325.7
30.1 316.1
26.1 306.6
22.5 296.9
19.1 287.1
16.0 277.2
13.6 267.2
11.2 257.1
9.7 247.0
8.7 236.8
8.5 226.5
8.7 216.3
9.4 206.2
10.3 196.0
11.5 185.9
12.8 175.9
14.7 165.9
17.0 156.0
20.8 146.7
25.2 137.7
31.8 130.1
38.3 122.6
45.3 115.4
52.5 108.5
60.2 102.3
68.1 96.2
76.2 90.4
84.3 84.7
92.7 79.3
101.1 74.0
109.6 68.9
118.2 63.9
127.0 59.3
135.9 54.9
144.8 50.4
153.7 46.1
162.8 42.1
172.2 39.1
181.8 36.5
191.5 34.4
201.2 32.3
211.1 31.1
221.0 30.1
230.9 29.5
240.8 29.1
