62
222.6 24.1
244.8 26.9
266.6 31.3
288.5 35.9
310.3 40.6
331.6 47.1
352.4 55.2
370.9 67.7
387.6 82.8
403.4 98.9
419.1 115.0
434.1 131.8
449.0 148.8
461.9 167.5
470.6 188.8
476.2 211.5
480.3 234.5
484.1 257.6
487.8 280.8
491.1 304.0
488.0 327.9
483.9 351.7
476.4 375.0
467.1 397.8
453.0 418.6
436.4 437.9
417.2 455.0
396.5 470.5
373.3 482.6
347.9 490.3
322.3 497.2
295.7 499.9
268.9 497.2
242.1 494.3
215.4 490.7
188.8 486.3
162.9 479.1
142.4 461.7
122.3 444.0
104.0 424.6
86.1 404.8
68.3 384.9
50.7 364.9
33.4 344.7
21.2 321.4
11.0 297.3
2.8 272.6
0.0 247.2
1.2 222.0
5.3 197.5
10.8 173.3
17.1 149.4
29.2 128.6
44.5 110.5
60.9 93.5
77.8 77.2
96.0 62.7
114.3 48.3
135.0 38.3
156.0 29.3
177.9 23.4
200.3 22.2
