188
263.4 34.2
270.5 34.8
277.6 35.6
284.6 36.6
291.7 37.5
298.7 39.0
305.7 40.7
312.6 42.8
319.5 44.9
326.4 47.1
333.2 49.6
340.0 52.4
346.7 55.2
353.3 58.3
360.0 61.4
366.5 64.8
373.0 68.2
379.5 71.8
385.9 75.4
392.3 79.1
398.4 83.4
404.4 87.9
410.3 92.4
416.0 97.4
421.6 102.4
427.3 107.4
432.9 112.5
438.2 117.9
443.4 123.4
448.7 129.0
453.6 134.9
458.4 140.9
462.7 147.3
466.9 153.9
470.9 160.5
474.2 167.7
477.4 174.9
480.6 182.2
483.1 189.7
485.6 197.3
488.0 205.0
490.3 212.6
492.3 220.4
494.1 228.3
495.7 236.2
496.9 244.2
498.0 252.3
498.9 260.4
499.5 268.5
500.0 276.7
500.0 284.9
499.9 293.1
498.1 301.3
495.1 309.2
492.2 317.1
489.1 325.0
485.4 332.6
481.5 340.1
477.5 347.6
473.2 354.9
468.8 362.2
463.3 368.8
457.8 375.3
452.1 381.7
446.1 387.7
440.1 393.8
434.0 399.8
427.9 405.8
421.7 411.7
415.2 417.3
408.4 422.4
401.5 427.4
394.4 432.3
387.3 437.0
379.9 441.3
372.5 445.5
365.0 449.6
357.1 452.8
349.2 455.9
341.2 458.8
333.1 461.5
325.0 463.7
316.8 465.8
308.6 467.8
300.2 469.3
291.9 470.5
283.6 471.4
275.2 472.0
266.8 472.5
258.5 472.8
250.1 473.1
241.8 473.3
233.4 473.2
225.1 472.9
216.8 472.4
208.6 471.8
200.3 471.2
192.0 470.4
184.0 468.9
175.9 467.2
167.9 465.4
160.0 463.3
152.2 461.1
144.3 458.9
136.5 456.5
128.9 453.7
121.4 450.8
114.2 447.3
107.4 443.1
101.7 437.8
96.1 432.5
90.4 427.1
84.8 421.8
79.5 416.1
74.7 410.2
69.9 404.2
65.3 398.1
60.8 392.0
56.5 385.7
52.8 379.1
49.3 372.5
45.9 365.9
42.9 359.1
39.9 352.2
36.9 345.4
34.8 338.4
32.6 331.3
30.9 324.2
29.6 317.1
28.5 309.9
27.8 302.7
27.2 295.6
26.8 288.4
26.6 281.2
26.9 274.1
27.4 267.0
28.0 259.9
28.5 252.8
29.3 245.8
30.1 238.7
31.1 231.7
32.3 224.8
33.6 217.8
34.8 210.9
36.4 204.0
38.3 197.3
40.3 190.6
42.6 184.0
45.1 177.5
47.8 171.0
50.7 164.7
53.5 158.3
56.5 152.1
59.8 146.0
63.4 140.0
67.1 134.2
70.9 128.5
75.2 123.1
79.7 117.9
84.4 112.8
89.0 107.7
93.7 102.6
99.0 98.2
104.4 93.9
109.7 89.7
115.3 85.6
120.9 81.6
126.5 77.6
132.2 73.8
138.1 70.2
144.0 66.7
150.2 63.6
156.4 60.5
162.6 57.5
168.9 54.8
175.3 52.0
181.7 49.5
188.3 47.2
194.9 45.1
201.5 43.0
208.1 41.1
214.8 39.2
221.6 37.8
228.5 36.4
235.4 35.6
242.4 34.8
249.4 34.1
256.4 33.6
