170
273.5 1.5
282.6 3.7
291.6 6.1
300.6 8.7
309.6 11.6
318.3 15.1
327.0 18.6
335.6 22.2
344.0 26.3
352.4 30.5
360.7 35.0
368.8 39.7
376.9 44.5
384.8 49.5
392.8 54.5
400.5 59.8
408.3 65.1
415.3 71.3
422.1 77.8
428.4 84.7
434.7 91.7
440.6 99.0
446.4 106.3
452.2 113.7
457.7 121.2
462.9 129.0
467.7 137.1
472.4 145.1
476.5 153.5
480.0 162.2
483.0 171.0
485.9 179.8
488.2 188.8
490.1 197.9
491.8 207.0
493.5 216.1
494.2 225.3
494.9 234.6
494.8 243.8
493.5 252.9
491.8 261.9
489.9 270.8
488.0 279.8
486.0 288.7
483.9 297.6
481.7 306.4
479.5 315.3
477.1 324.1
474.3 332.8
471.4 341.4
468.2 349.9
464.9 358.4
461.5 366.8
458.0 375.2
454.1 383.4
449.9 391.4
445.6 399.3
440.3 406.6
435.0 413.9
429.3 420.8
423.2 427.4
416.9 433.7
410.3 439.7
403.7 445.7
396.3 450.7
388.7 455.1
381.0 459.5
373.2 463.7
365.3 467.7
357.3 471.4
349.1 474.4
340.8 477.4
332.4 480.0
324.0 482.6
315.6 485.1
307.1 487.4
298.6 489.5
290.1 491.5
281.5 493.2
272.8 494.2
264.1 494.6
255.4 494.4
246.7 493.9
238.0 493.4
229.3 492.7
220.7 491.7
212.1 490.6
203.4 489.5
194.9 488.1
186.5 486.0
178.2 483.4
170.1 480.4
162.4 476.4
154.7 472.4
147.0 468.4
139.6 463.9
132.2 459.4
125.1 454.5
118.1 449.3
112.0 443.2
106.4 436.6
101.0 429.8
95.6 423.0
90.4 416.1
85.2 409.1
80.2 402.1
75.2 395.0
70.2 387.9
65.2 380.7
60.3 373.6
55.6 366.2
51.2 358.8
46.9 351.2
42.9 343.5
38.9 335.7
35.4 327.8
31.9 319.8
28.7 311.7
25.5 303.6
22.7 295.3
20.3 286.9
18.5 278.3
17.0 269.7
16.2 260.9
15.5 252.1
14.9 243.4
14.6 234.6
14.6 225.7
15.3 216.9
16.0 208.1
17.0 199.3
18.1 190.5
19.4 181.8
20.9 173.0
22.5 164.3
24.6 155.7
26.9 147.0
29.6 138.5
32.9 130.2
36.3 122.0
40.1 113.8
44.2 105.8
48.5 98.0
53.2 90.3
57.9 82.6
62.8 75.0
68.8 68.3
75.1 61.7
82.1 55.8
89.2 50.1
96.9 45.1
104.7 40.3
112.6 35.6
120.5 31.0
128.7 26.8
137.3 23.4
145.9 20.1
154.6 17.0
163.4 14.0
172.3 11.6
181.3 9.2
190.3 7.2
199.4 5.5
208.6 4.0
217.8 2.5
227.0 1.3
236.3 0.5
245.6 0.2
254.9 0.1
264.2 -0.0
