151
237.0 0.1
247.5 0.3
258.0 0.5
268.5 0.9
279.0 2.2
289.4 3.6
299.7 5.6
309.9 7.9
320.1 10.6
330.0 13.8
339.8 17.7
349.5 21.6
359.2 25.6
368.3 30.6
377.2 36.2
385.7 42.2
394.0 48.4
401.9 55.1
409.6 62.2
417.2 69.2
424.6 76.5
431.2 84.4
437.7 92.5
444.1 100.6
450.2 108.9
456.2 117.3
461.4 126.2
465.7 135.5
469.9 144.8
473.9 154.3
477.6 163.8
480.1 173.7
482.2 183.6
483.8 193.6
485.4 203.6
486.1 213.7
486.6 223.8
487.0 233.9
487.2 244.0
487.2 254.1
487.0 264.2
486.7 274.2
486.2 284.3
485.5 294.3
484.8 304.3
483.2 314.2
480.3 323.8
476.9 333.1
473.5 342.5
469.9 351.8
466.1 361.0
461.8 369.9
457.3 378.7
452.5 387.4
446.5 395.2
439.5 402.1
432.2 408.7
424.9 415.2
417.4 421.5
409.6 427.5
401.7 433.2
393.7 438.9
385.4 444.1
377.0 449.0
368.3 453.4
359.3 457.4
350.4 461.2
341.3 464.8
332.2 468.4
323.0 471.6
313.7 474.6
304.2 476.6
294.6 478.2
284.9 479.5
275.3 480.6
265.5 481.3
255.8 481.7
246.1 482.0
236.3 482.2
226.6 482.1
216.8 481.8
207.1 481.1
197.4 480.4
187.7 479.6
178.0 478.6
168.3 477.3
158.8 475.0
149.5 472.2
140.2 469.2
130.9 466.0
122.4 461.1
114.3 455.6
106.2 450.0
98.2 444.3
90.2 438.5
82.8 432.1
75.5 425.4
69.2 417.8
62.9 410.1
56.8 402.2
50.8 394.3
45.4 386.0
40.1 377.6
35.4 368.8
30.9 359.9
26.6 350.9
22.4 341.8
18.6 332.5
15.6 322.9
13.1 313.2
11.6 303.2
10.5 293.1
10.0 283.0
9.5 272.9
9.2 262.7
9.5 252.6
10.0 242.4
11.1 232.3
12.2 222.1
13.5 212.0
15.3 201.9
17.8 192.0
20.6 182.1
23.7 172.3
26.8 162.5
30.9 153.0
35.3 143.7
39.9 134.4
44.5 125.2
50.2 116.5
56.1 108.0
62.4 99.8
69.2 91.9
76.3 84.2
83.3 76.6
90.6 69.1
98.0 61.8
105.5 54.4
113.0 47.2
120.6 40.1
128.5 33.3
136.5 26.5
145.6 21.3
155.5 17.8
165.4 14.3
175.3 10.8
185.3 7.4
195.3 4.4
205.6 2.1
216.0 0.7
226.5 0.0
