79
304.5 22.1
323.5 23.9
342.4 27.0
361.3 30.6
379.9 35.6
398.1 42.0
414.9 51.7
429.5 64.5
443.3 78.3
456.9 92.2
469.7 106.8
480.7 122.9
490.7 139.6
500.0 156.8
499.2 176.0
496.2 194.9
493.0 213.8
489.6 232.6
485.0 251.2
479.3 269.4
470.9 286.3
461.0 302.2
450.4 317.7
439.4 332.9
428.1 347.8
416.6 362.5
404.8 377.0
391.7 390.1
377.6 402.0
363.3 413.7
349.0 425.3
334.4 436.6
319.1 446.8
303.1 455.5
286.9 463.8
269.9 470.0
252.1 472.3
234.3 472.5
216.7 470.9
199.1 468.9
181.6 466.9
164.1 464.1
146.9 460.6
130.5 454.2
114.4 447.3
98.8 439.5
84.1 430.1
71.6 418.1
59.6 405.5
49.1 391.7
40.3 376.7
32.7 361.1
26.0 345.0
20.3 328.6
15.9 311.7
13.7 294.4
12.8 276.9
12.5 259.3
14.9 241.9
19.6 224.8
26.0 208.1
34.5 192.3
44.0 177.0
54.9 162.6
66.3 148.5
78.1 134.8
91.2 122.0
104.8 109.8
118.9 98.1
133.1 86.5
147.3 74.9
163.5 66.0
179.9 57.3
196.6 49.1
213.7 41.7
231.1 34.9
248.6 28.5
266.9 24.0
285.5 20.7
