143
273.5 8.0
284.4 9.0
295.2 10.7
305.9 13.0
316.3 15.9
326.5 19.5
336.7 23.1
346.8 26.9
356.5 31.6
365.7 37.0
374.7 42.8
383.4 48.8
391.7 55.4
399.8 62.2
407.8 69.1
415.5 76.3
422.5 84.1
429.3 92.1
436.0 100.1
442.5 108.3
448.8 116.6
454.2 125.4
458.8 134.6
463.2 143.9
467.4 153.3
471.4 162.8
474.0 172.6
476.3 182.5
478.0 192.5
479.7 202.5
480.5 212.6
481.1 222.7
481.6 232.7
481.8 242.8
481.8 252.9
481.7 262.9
481.4 273.0
481.0 283.0
480.3 293.0
479.6 303.0
478.0 312.9
475.0 322.4
471.6 331.7
468.0 341.0
464.4 350.2
460.5 359.3
456.1 368.2
451.4 376.9
446.5 385.6
440.3 393.3
433.0 399.9
425.5 406.4
417.8 412.7
410.1 418.8
402.1 424.6
393.8 430.1
385.6 435.6
377.0 440.6
368.2 445.3
359.2 449.4
349.9 453.1
340.6 456.6
331.2 459.9
321.8 463.2
312.3 466.1
302.6 468.8
292.7 470.4
282.8 471.6
272.7 472.5
262.7 473.2
252.6 473.4
242.5 473.4
232.4 473.3
222.3 473.0
212.2 472.4
202.1 471.7
192.0 470.5
181.9 469.4
171.9 468.0
161.8 466.5
151.8 464.8
141.9 461.9
132.2 458.5
122.6 454.9
113.0 451.2
104.2 445.5
95.7 439.4
87.4 433.0
79.1 426.6
70.8 420.2
63.1 413.0
55.6 405.6
49.0 397.2
42.6 388.7
36.3 380.0
30.8 370.9
25.2 361.7
20.4 352.0
15.8 342.2
11.5 332.3
7.6 322.2
4.6 311.7
2.0 301.1
0.9 290.2
0.4 279.1
0.0 268.1
0.3 257.1
0.9 246.0
2.3 235.0
4.3 224.0
6.9 213.2
9.9 202.4
13.2 191.8
16.5 181.1
20.8 170.8
25.5 160.6
30.2 150.4
35.1 140.4
41.1 130.9
47.4 121.5
54.0 112.5
61.2 103.8
68.6 95.3
76.0 86.9
83.8 78.8
91.6 70.7
99.5 62.7
107.5 54.8
115.8 47.2
124.1 39.7
133.7 33.9
144.1 29.7
154.5 25.6
164.9 21.6
175.3 17.6
185.8 13.9
196.6 11.1
207.5 9.2
218.5 8.0
229.5 7.6
240.6 7.4
251.6 7.2
262.6 7.1
