188
223.3 16.8
230.7 17.3
238.1 18.0
245.5 18.8
252.8 19.7
260.1 20.9
267.3 22.6
274.4 24.4
281.5 26.1
288.5 28.3
295.4 30.6
302.4 32.9
309.3 35.2
316.2 37.6
323.1 40.0
330.0 42.4
336.7 45.1
343.5 47.9
350.2 50.7
356.8 53.7
363.3 56.9
369.6 60.4
375.6 64.4
381.4 68.6
387.1 73.0
392.5 77.7
397.6 82.7
402.7 87.7
407.7 92.7
412.5 98.0
417.0 103.6
421.2 109.3
425.2 115.2
428.9 121.3
432.5 127.4
435.9 133.6
439.3 139.9
442.6 146.2
445.9 152.5
449.0 158.9
452.0 165.4
454.6 172.0
457.0 178.7
459.2 185.4
461.4 192.2
463.6 199.0
465.6 205.8
467.1 212.8
468.4 219.8
469.1 226.9
469.4 234.1
469.6 241.3
469.0 248.4
468.4 255.6
467.6 262.8
466.7 270.0
465.7 277.1
464.6 284.3
463.4 291.4
461.8 298.5
460.2 305.6
458.4 312.7
456.7 319.7
454.8 326.8
452.8 333.8
450.7 340.8
448.1 347.6
445.3 354.4
442.2 361.1
439.0 367.8
435.3 374.2
431.1 380.3
426.7 386.4
422.3 392.5
417.7 398.4
413.1 404.4
408.3 410.1
403.3 415.8
398.2 421.4
393.1 426.9
387.9 432.5
382.7 438.0
377.4 443.4
372.1 448.8
366.6 454.1
361.1 459.3
354.8 463.8
348.1 467.7
341.2 471.3
334.2 474.8
327.1 478.2
319.9 481.4
312.7 484.5
305.3 487.3
297.9 490.0
290.3 492.3
282.5 494.2
274.6 495.8
266.7 497.0
258.7 498.0
250.7 499.0
242.6 499.7
234.5 499.9
226.3 500.0
218.1 499.9
210.0 498.5
201.8 496.9
193.7 495.3
185.6 493.3
177.6 491.0
169.7 488.5
161.9 485.4
154.1 482.3
146.9 477.7
140.1 472.6
133.4 467.4
126.9 461.8
120.7 456.0
114.5 450.1
108.5 443.9
102.7 437.7
96.9 431.4
91.1 425.1
85.5 418.6
80.1 411.9
74.7 405.2
69.7 398.3
64.6 391.4
59.7 384.3
55.0 377.1
50.9 369.6
46.8 362.1
42.9 354.4
39.0 346.8
35.2 339.0
31.5 331.3
27.8 323.5
24.4 315.6
21.3 307.6
18.7 299.5
16.6 291.1
15.0 282.7
13.5 274.3
12.3 265.9
11.3 257.4
10.9 248.9
10.6 240.4
10.7 231.9
11.3 223.4
12.4 215.0
13.8 206.7
16.5 198.8
19.2 190.9
22.0 183.0
25.4 175.5
29.0 168.0
32.7 160.6
36.4 153.2
40.1 145.8
44.2 138.7
48.3 131.6
52.5 124.5
56.9 117.6
61.4 110.8
66.1 104.1
70.9 97.5
75.8 90.9
80.9 84.7
86.2 78.5
91.6 72.5
97.0 66.5
102.9 61.0
109.2 56.1
115.4 51.2
122.0 46.9
128.6 42.6
135.5 38.8
142.4 35.0
149.5 31.8
156.6 28.6
163.8 26.0
171.1 23.3
178.4 20.9
185.8 18.8
193.3 17.8
200.8 17.2
208.3 16.9
215.8 16.6
