196
264.0 31.5
270.8 32.1
277.6 32.7
284.5 33.6
291.3 34.5
298.0 35.9
304.8 37.4
311.4 39.4
318.1 41.4
324.7 43.6
331.3 45.9
337.8 48.5
344.3 51.2
350.7 54.1
357.1 57.1
363.4 60.4
369.7 63.6
375.9 67.0
382.1 70.4
388.3 73.9
394.1 78.1
399.9 82.3
405.6 86.7
411.1 91.4
416.5 96.2
422.0 101.0
427.4 105.9
432.5 111.1
437.6 116.4
442.6 121.7
447.3 127.3
451.9 133.1
456.1 139.3
460.1 145.6
464.0 151.9
467.4 158.7
470.5 165.6
473.6 172.6
476.6 179.5
479.4 186.6
481.9 193.9
484.2 201.2
486.5 208.5
488.7 215.9
490.8 223.3
492.7 230.8
494.4 238.3
495.9 246.0
497.1 253.7
498.2 261.4
498.9 269.2
499.6 277.0
500.0 284.9
499.9 292.8
499.8 300.7
498.1 308.5
495.2 316.1
492.3 323.7
489.4 331.3
485.7 338.6
481.9 345.8
478.0 353.0
473.9 360.1
469.5 367.0
464.2 373.3
458.9 379.6
453.4 385.7
447.5 391.6
441.7 397.3
435.8 403.1
429.8 408.8
423.8 414.5
417.5 419.9
410.8 424.7
404.2 429.6
397.3 434.2
390.5 438.8
383.6 443.4
376.4 447.5
369.2 451.5
361.9 455.3
354.2 458.4
346.5 461.3
338.8 464.1
331.0 466.6
323.0 468.8
315.1 470.7
307.1 472.6
299.1 474.0
291.0 475.1
282.9 476.0
274.8 476.5
266.6 476.9
258.5 477.2
250.4 477.3
242.3 477.5
234.2 477.3
226.2 477.1
218.1 476.5
210.1 475.9
202.1 475.2
194.1 474.4
186.2 472.9
178.4 471.2
170.7 469.4
163.0 467.3
155.4 465.2
147.7 463.0
140.2 460.6
132.8 457.8
125.5 454.9
118.5 451.5
112.0 447.4
106.1 442.5
100.5 437.3
95.1 432.1
89.6 426.9
84.1 421.7
79.0 416.1
74.3 410.3
69.7 404.5
65.1 398.6
60.8 392.6
56.6 386.4
53.0 380.0
49.5 373.6
46.0 367.2
42.7 360.7
39.8 354.0
36.8 347.4
34.0 340.7
31.8 333.9
29.8 327.0
28.1 320.1
26.8 313.1
25.7 306.1
25.0 299.1
24.4 292.1
24.0 285.1
23.8 278.1
24.1 271.2
24.5 264.3
25.0 257.4
25.5 250.4
26.2 243.6
27.1 236.7
28.0 229.9
29.1 223.1
30.3 216.3
31.5 209.5
33.0 202.9
34.8 196.3
36.8 189.7
38.9 183.3
41.4 177.0
43.9 170.7
46.7 164.5
49.4 158.3
52.3 152.2
55.5 146.2
58.9 140.4
62.4 134.7
66.1 129.1
70.3 123.9
74.6 118.7
79.1 113.8
83.6 108.8
88.1 103.9
93.1 99.5
98.3 95.3
103.5 91.1
108.9 87.2
114.3 83.3
119.7 79.4
125.2 75.6
130.9 72.0
136.5 68.5
142.2 65.1
148.2 62.0
154.1 59.0
160.1 56.1
166.2 53.3
172.3 50.6
178.5 48.1
184.9 45.9
191.2 43.8
197.6 41.7
204.0 39.8
210.5 37.9
217.1 36.5
223.7 35.1
230.3 33.9
237.0 33.0
243.7 32.2
250.4 31.5
257.2 31.0
