63
229.2 22.7
250.8 25.8
272.1 30.5
293.4 35.3
314.6 40.3
335.4 47.0
355.6 55.3
373.7 67.9
389.9 83.1
405.2 99.2
420.5 115.3
435.1 132.2
449.6 149.2
462.1 167.9
470.5 189.1
475.8 211.6
479.8 234.6
483.4 257.6
486.9 280.6
490.0 303.8
486.8 327.5
482.7 351.2
475.3 374.4
466.0 397.1
452.1 417.8
435.8 437.1
416.9 454.2
396.5 469.7
373.6 481.9
348.6 489.9
323.4 497.0
297.3 500.0
270.9 497.7
244.6 495.2
218.3 492.1
192.2 488.2
166.6 481.4
146.5 464.8
126.7 447.8
108.6 429.2
91.0 410.1
73.5 391.0
56.1 371.8
39.0 352.3
27.0 329.9
16.9 306.7
8.7 282.9
5.9 258.4
6.9 234.1
10.9 210.4
16.1 187.1
22.2 164.0
29.2 141.4
40.9 121.3
55.8 104.0
71.7 87.7
88.1 72.1
105.9 58.3
123.7 44.5
143.8 35.1
164.3 26.7
185.6 21.3
207.5 20.4
