123
289.1 6.3
301.4 8.1
313.4 10.8
325.3 13.8
337.3 17.0
349.1 20.3
360.3 25.1
371.4 30.1
382.5 35.2
393.5 40.4
403.8 46.8
413.9 53.4
423.5 60.6
431.7 69.3
439.0 78.7
445.1 88.7
450.8 99.1
456.0 109.6
460.7 120.4
465.0 131.3
469.4 142.1
472.9 153.3
476.0 164.6
477.8 176.1
478.4 187.7
479.0 199.3
479.6 210.9
480.0 222.5
479.5 234.1
478.9 245.6
477.4 257.1
475.1 268.5
472.4 279.7
469.4 290.9
466.4 302.1
462.4 313.0
458.4 323.8
454.0 334.6
448.8 344.9
442.5 354.7
435.9 364.2
429.3 373.8
421.6 382.5
413.6 391.1
405.6 399.5
397.4 407.8
389.2 416.1
380.3 423.7
371.4 431.3
361.8 438.1
352.1 444.7
342.3 451.2
332.4 457.5
322.1 463.3
311.6 468.7
300.7 473.3
289.8 478.0
278.7 482.2
267.5 486.0
255.7 488.4
243.9 490.5
232.0 492.0
219.9 492.4
207.8 491.7
195.9 488.9
184.0 485.8
172.1 482.4
160.3 479.0
148.6 475.1
137.0 471.0
125.4 466.6
113.9 462.1
102.4 457.5
91.3 451.9
80.6 445.3
70.7 437.5
60.9 429.7
51.3 421.5
42.0 412.9
32.9 404.1
24.3 394.7
18.5 383.3
13.9 371.2
9.6 359.0
6.5 346.4
4.0 333.7
2.5 320.7
1.2 307.8
-0.0 294.8
0.2 281.8
2.9 269.0
5.7 256.2
8.7 243.5
12.0 230.9
16.2 218.5
20.6 206.2
25.8 194.2
31.2 182.4
37.0 170.6
43.2 159.1
49.7 147.9
56.3 136.6
63.3 125.6
70.3 114.6
77.4 103.7
86.6 94.6
95.9 85.5
105.5 76.9
115.6 68.8
125.8 60.8
136.1 53.1
146.5 45.4
157.3 38.5
168.3 31.7
179.3 25.2
190.5 18.9
202.1 13.4
214.0 9.0
226.5 7.8
239.1 7.1
251.6 6.6
264.1 6.3
276.6 6.2
