179
241.7 13.4
249.5 14.1
257.4 15.0
265.2 16.1
272.9 17.4
280.5 19.4
288.1 21.3
295.6 23.3
303.0 25.7
310.4 28.2
317.7 30.8
325.1 33.3
332.3 36.0
339.5 39.0
346.7 42.0
353.8 45.1
360.8 48.2
367.7 51.7
374.4 55.5
380.8 59.8
386.8 64.5
392.6 69.5
398.1 74.8
403.5 80.2
408.6 85.8
413.4 91.8
417.9 97.9
422.2 104.2
426.1 110.6
430.0 117.1
433.7 123.8
437.4 130.4
440.9 137.1
444.5 143.8
447.9 150.6
451.1 157.5
453.6 164.6
456.1 171.8
458.6 179.0
460.9 186.2
463.1 193.4
464.8 200.8
466.3 208.3
467.1 215.8
467.6 223.4
467.9 231.1
467.4 238.7
466.8 246.3
466.1 253.9
465.3 261.5
464.4 269.1
463.3 276.7
462.2 284.3
460.7 291.8
459.0 299.3
457.3 306.8
455.4 314.3
453.4 321.7
451.3 329.2
448.8 336.4
445.9 343.7
442.8 350.8
439.6 357.8
435.8 364.7
431.5 371.2
427.1 377.7
422.6 384.1
417.9 390.5
413.2 396.8
408.3 402.9
403.1 408.9
398.0 414.9
392.7 420.8
387.4 426.7
382.1 432.6
376.7 438.4
371.2 444.1
365.6 449.8
360.0 455.3
353.5 460.1
346.6 464.4
339.5 468.3
332.3 472.0
325.0 475.6
317.7 479.1
310.2 482.5
302.6 485.5
295.0 488.4
287.1 491.0
279.2 493.1
271.0 494.9
262.8 496.2
254.6 497.5
246.3 498.6
238.0 499.5
229.6 499.7
221.2 500.0
212.8 500.0
204.4 498.6
196.0 497.1
187.7 495.2
179.4 492.9
171.2 490.4
163.2 487.2
155.2 484.1
147.8 479.5
140.8 474.2
133.9 468.9
127.2 463.2
120.9 457.2
114.5 451.2
108.4 444.9
102.4 438.5
96.4 432.0
90.5 425.5
84.8 418.8
79.3 412.0
74.1 404.8
68.9 397.7
63.9 390.5
59.2 383.1
54.9 375.3
50.8 367.5
46.8 359.7
42.9 351.8
39.0 343.8
35.2 335.9
31.6 327.9
28.1 319.7
25.0 311.5
22.3 303.1
20.3 294.5
18.7 285.8
17.2 277.2
16.1 268.4
15.1 259.7
14.9 250.9
14.7 242.1
15.0 233.4
15.7 224.7
16.9 216.0
18.5 207.4
21.4 199.3
24.4 191.2
27.4 183.1
31.1 175.3
35.0 167.6
38.9 160.0
42.9 152.4
46.9 144.8
51.2 137.4
55.7 130.1
60.2 122.8
64.9 115.7
69.7 108.7
74.8 101.9
79.9 95.1
85.1 88.4
90.6 81.9
96.2 75.6
101.9 69.4
107.7 63.2
114.0 57.7
120.6 52.7
127.3 47.7
134.3 43.3
141.3 38.9
148.6 35.0
155.9 31.2
163.4 28.0
171.0 24.8
178.7 22.1
186.3 19.4
194.1 17.1
201.9 15.0
209.9 14.0
217.9 13.5
225.8 13.3
233.8 13.2
