113
201.5 0.4
216.6 0.9
231.6 1.6
246.6 2.2
261.6 3.9
276.2 7.1
288.4 15.1
300.2 23.4
311.8 32.0
323.4 40.6
333.2 50.8
342.5 61.2
351.8 71.7
361.0 82.1
370.1 92.7
379.1 103.3
387.8 114.1
396.0 125.1
403.8 136.3
411.1 147.7
416.8 159.6
421.9 171.6
426.9 183.7
430.5 195.9
433.8 208.1
436.5 220.3
438.3 232.4
439.8 244.5
440.1 256.4
440.1 268.2
439.9 280.0
438.7 291.4
437.4 302.8
435.8 314.1
433.6 325.1
430.7 335.8
427.7 346.3
424.7 356.9
418.2 364.5
411.7 371.9
405.1 379.4
398.5 386.8
392.0 394.2
384.4 400.0
376.7 405.7
369.0 411.4
361.0 416.4
353.0 421.3
344.7 425.6
336.2 429.4
327.7 432.8
319.1 436.2
310.5 439.4
301.7 441.9
292.8 443.9
283.9 445.4
274.9 446.2
265.9 446.6
256.9 446.9
247.9 447.1
239.0 445.4
230.4 442.6
221.9 439.3
213.5 435.8
205.1 432.1
197.0 427.8
189.0 423.2
181.2 417.9
173.5 412.7
166.0 407.0
158.7 401.1
151.9 394.4
145.2 387.5
138.7 380.3
132.2 373.1
125.8 365.8
119.4 358.4
113.1 351.0
107.3 343.0
101.6 334.9
96.8 326.0
92.1 316.9
87.7 307.6
83.6 298.1
80.0 288.3
76.8 278.1
73.8 267.9
71.0 257.6
68.5 247.0
66.3 236.4
64.1 225.7
62.3 214.9
60.5 204.1
59.0 193.1
57.6 182.1
57.4 170.6
59.0 158.9
62.0 147.0
65.0 135.2
68.8 123.4
72.8 111.6
77.0 99.8
82.3 88.1
90.1 77.2
98.1 66.5
106.2 55.8
114.9 45.4
124.8 35.6
135.6 26.6
147.2 18.4
158.9 10.3
172.4 4.6
186.5 -0.0
