169
278.0 1.5
287.1 3.8
296.2 6.2
305.3 8.8
314.3 11.7
323.1 15.2
331.8 18.9
340.3 23.0
348.7 27.2
357.0 31.7
365.2 36.4
373.3 41.3
381.4 46.3
389.4 51.3
397.2 56.7
405.0 62.0
412.1 68.2
418.9 74.8
425.3 81.7
431.6 88.7
437.5 96.0
443.4 103.4
449.3 110.8
454.9 118.3
460.1 126.2
464.9 134.2
469.7 142.3
473.9 150.7
477.4 159.4
480.5 168.3
483.4 177.1
485.8 186.1
487.8 195.2
489.5 204.4
491.2 213.6
492.0 222.8
492.8 232.0
492.7 241.3
491.5 250.4
489.8 259.4
488.0 268.4
486.2 277.4
484.1 286.3
482.1 295.2
480.0 304.1
477.8 313.0
475.4 321.9
472.7 330.6
469.9 339.2
466.7 347.8
463.4 356.3
460.1 364.7
456.7 373.1
452.8 381.4
448.6 389.4
444.4 397.4
439.1 404.6
433.8 411.9
428.2 418.9
422.2 425.5
415.9 431.8
409.3 437.9
402.8 443.9
395.5 448.9
387.9 453.4
380.2 457.8
372.5 462.0
364.7 466.1
356.7 469.8
348.5 472.8
340.2 475.8
331.9 478.4
323.5 481.0
315.2 483.6
306.8 485.9
298.3 488.0
289.8 490.0
281.2 491.8
272.6 492.8
263.9 493.2
255.3 493.0
246.6 492.6
238.0 492.1
229.4 491.4
220.8 490.4
212.2 489.4
203.6 488.3
195.1 486.9
186.7 484.7
178.5 482.2
170.4 479.2
162.7 475.3
155.1 471.3
147.5 467.3
140.1 462.8
132.8 458.3
125.7 453.4
118.8 448.3
112.7 442.2
107.1 435.6
101.8 428.8
96.5 422.0
91.3 415.1
86.1 408.2
81.1 401.1
76.2 394.0
71.2 386.9
66.3 379.8
61.5 372.7
56.8 365.4
52.4 357.9
48.2 350.4
44.2 342.6
40.3 334.9
36.8 327.0
33.4 319.0
30.2 310.9
27.1 302.8
24.3 294.5
22.0 286.1
20.3 277.6
18.8 268.9
18.0 260.2
17.4 251.4
16.8 242.7
16.6 233.9
16.7 225.1
17.4 216.3
18.1 207.5
19.2 198.7
20.3 189.9
21.7 181.2
23.3 172.4
24.9 163.7
27.1 155.1
29.4 146.5
32.2 138.0
35.5 129.7
39.0 121.4
42.8 113.3
47.0 105.4
51.4 97.5
56.1 89.8
60.8 82.1
65.8 74.6
71.9 67.8
78.2 61.3
85.3 55.5
92.4 49.7
100.2 44.8
108.0 40.0
116.0 35.3
124.0 30.7
132.2 26.5
140.9 23.1
149.6 19.8
158.3 16.8
167.1 13.8
176.1 11.4
185.1 9.0
194.3 7.0
203.4 5.3
212.7 3.8
221.9 2.4
231.2 1.2
240.5 0.4
249.9 0.2
259.3 0.0
268.7 0.0
