105
224.6 0.7
240.7 1.6
256.8 2.6
272.9 4.6
285.9 13.4
298.7 22.4
311.3 31.7
323.8 41.0
334.3 52.0
344.3 63.3
354.2 74.7
364.0 86.1
373.4 97.7
382.4 109.6
390.9 121.7
398.9 134.0
405.2 146.8
410.9 159.7
416.5 172.6
420.5 185.7
424.4 198.9
427.5 212.0
429.7 225.0
431.6 238.0
432.2 250.8
432.5 263.5
432.6 276.2
431.6 288.5
430.2 300.6
428.1 312.5
425.5 324.0
422.6 335.4
419.7 346.8
413.2 355.0
406.6 363.2
400.0 371.3
393.4 379.4
385.7 385.8
378.0 392.1
370.2 398.3
362.1 403.9
353.9 409.2
345.5 414.0
337.0 418.3
328.3 422.3
319.6 426.1
310.8 429.7
301.9 432.7
292.8 435.0
283.7 436.8
274.6 438.0
265.4 438.7
256.3 439.3
247.1 439.8
238.1 438.2
229.3 435.6
220.7 432.4
212.1 429.1
203.6 425.4
195.4 421.2
187.5 415.9
179.7 410.7
172.1 405.0
164.7 399.1
157.8 392.3
151.1 385.3
144.6 378.0
138.1 370.7
131.7 363.3
125.3 355.9
119.0 348.3
113.1 340.2
107.5 331.9
102.7 322.8
98.0 313.6
93.7 304.1
89.7 294.4
86.2 284.3
83.2 273.9
80.3 263.4
77.7 252.8
75.4 242.0
73.4 231.1
71.4 220.2
69.8 209.1
68.5 197.8
67.4 186.5
67.5 174.8
69.4 162.7
72.9 150.5
76.4 138.3
80.7 126.1
85.2 114.0
89.9 101.9
95.8 89.9
104.3 78.7
113.0 67.7
121.9 56.7
131.4 46.0
142.0 36.1
153.7 26.9
166.2 18.5
178.8 10.2
193.4 4.5
208.5 -0.0
