126
281.4 7.8
293.5 8.6
305.5 10.4
317.2 13.0
328.8 16.0
340.4 19.0
352.0 22.3
362.9 26.9
373.7 31.8
384.5 36.8
395.2 41.9
405.2 48.1
415.1 54.5
424.5 61.6
432.4 70.1
439.5 79.2
445.5 89.0
451.0 99.1
456.1 109.4
460.6 119.9
464.8 130.5
469.0 141.1
472.5 152.0
475.5 163.0
477.2 174.2
477.7 185.6
478.3 196.9
478.8 208.2
479.2 219.5
478.7 230.8
478.0 242.1
476.6 253.4
474.4 264.5
472.2 275.6
469.5 286.5
466.6 297.5
463.6 308.4
459.7 319.0
455.7 329.6
451.4 340.1
446.3 350.2
440.1 359.7
433.7 369.0
427.1 378.3
419.6 386.9
411.8 395.2
403.9 403.4
395.9 411.5
387.8 419.6
379.1 427.0
370.4 434.4
361.0 441.1
351.5 447.5
341.9 453.9
332.2 460.0
322.1 465.7
311.8 470.9
301.2 475.4
290.5 480.0
279.6 484.0
268.6 487.8
257.1 490.1
245.6 492.1
233.9 493.6
222.1 494.0
210.2 493.3
198.5 490.6
186.9 487.5
175.3 484.2
163.7 480.8
152.2 477.0
140.8 473.0
129.5 468.7
118.2 464.3
106.9 459.8
96.1 454.3
85.6 447.9
76.0 440.3
66.3 432.6
56.9 424.6
47.8 416.2
38.9 407.6
30.5 398.4
24.0 387.7
18.2 376.5
13.8 364.7
9.6 352.7
6.4 340.5
4.0 328.0
2.5 315.4
1.2 302.7
-0.0 290.0
0.2 277.3
2.7 264.8
5.5 252.3
8.4 239.9
11.6 227.5
15.6 215.4
20.0 203.4
25.0 191.7
30.3 180.1
35.8 168.6
41.9 157.4
48.2 146.4
54.6 135.4
61.5 124.6
68.3 113.9
75.2 103.2
84.2 94.3
93.2 85.4
102.6 77.0
112.4 69.1
122.3 61.3
132.3 53.7
142.4 46.2
153.0 39.4
163.7 32.8
174.4 26.4
185.3 20.2
196.6 14.9
208.2 10.5
220.4 9.4
232.6 8.7
244.8 8.2
257.0 7.9
269.2 7.8
