81
305.2 16.8
324.1 18.6
342.9 21.6
361.6 25.2
380.1 30.1
398.2 36.4
415.0 45.9
429.5 58.6
443.3 72.2
456.8 86.0
469.7 100.4
480.7 116.3
490.7 132.8
500.0 149.7
499.4 168.6
496.5 187.3
493.6 205.9
490.3 224.5
485.9 242.8
480.5 260.7
472.4 277.4
464.0 294.0
454.3 309.7
444.0 325.0
433.3 339.9
422.4 354.7
411.2 369.2
399.7 383.5
386.9 396.4
373.1 408.2
359.2 419.7
345.2 431.2
331.0 442.3
316.1 452.4
300.4 460.9
284.6 469.2
267.9 475.3
250.6 477.6
233.2 477.7
216.0 476.2
198.8 474.2
181.6 472.2
164.6 469.4
147.7 466.0
131.7 459.7
116.0 452.9
100.8 445.2
86.4 435.9
74.2 424.1
62.5 411.7
52.3 398.0
43.7 383.3
36.4 367.9
30.0 352.0
24.5 335.8
20.3 319.2
16.7 302.4
14.6 285.3
13.9 268.0
13.7 250.7
16.2 233.5
21.1 216.6
27.5 200.2
36.1 184.6
45.6 169.6
56.5 155.3
67.9 141.4
79.7 127.9
92.8 115.3
106.4 103.3
120.4 91.7
134.5 80.2
148.7 68.9
164.9 60.0
181.2 51.5
197.8 43.4
214.8 36.1
232.1 29.4
249.6 23.1
267.7 18.6
286.2 15.4
