73
315.7 18.0
335.6 21.4
355.5 25.3
375.1 30.7
394.3 37.8
411.9 48.3
427.2 62.3
441.5 77.4
455.7 92.6
469.0 108.6
480.4 126.2
490.6 144.5
500.0 163.2
498.4 184.2
494.4 204.8
490.3 225.5
485.9 246.0
480.1 266.3
473.3 286.2
463.4 304.6
451.9 322.0
439.7 339.0
427.0 355.5
414.0 371.9
400.8 388.0
385.7 402.3
369.7 415.4
353.4 428.2
337.1 440.8
320.5 453.2
303.2 464.3
284.9 473.8
265.7 480.6
245.6 483.1
225.5 483.3
205.6 481.6
185.7 479.4
166.0 476.4
147.5 469.4
129.3 462.0
111.6 453.4
94.8 443.2
80.5 430.1
66.7 416.4
54.5 401.3
44.2 385.0
35.2 368.0
27.2 350.5
20.3 332.6
14.9 314.2
13.2 295.1
12.2 276.0
14.1 256.9
18.6 238.3
24.8 220.1
33.4 202.9
43.1 186.2
54.3 170.5
66.1 155.2
78.3 140.2
91.9 126.3
106.1 113.0
120.8 100.3
135.5 87.6
150.4 75.0
167.4 65.2
184.6 55.8
202.1 46.8
220.0 38.8
238.3 31.4
256.8 24.4
276.0 19.5
295.6 16.0
