174
266.9 1.3
275.7 3.4
284.6 5.6
293.3 8.0
302.1 10.6
310.6 13.8
319.0 17.1
327.5 20.5
335.7 24.4
343.9 28.4
351.9 32.6
359.9 37.0
367.7 41.6
375.5 46.3
383.3 51.0
390.8 56.0
398.4 61.1
405.3 66.9
411.8 73.2
418.1 79.7
424.2 86.3
430.1 93.2
435.8 100.2
441.5 107.2
447.1 114.2
452.5 121.4
457.6 128.9
462.3 136.6
466.9 144.3
471.3 152.1
475.3 160.1
478.6 168.4
481.6 176.9
484.5 185.3
486.8 193.9
488.6 202.6
490.3 211.4
491.9 220.1
492.7 228.9
493.4 237.7
493.3 246.6
492.1 255.3
490.5 263.9
488.7 272.5
486.8 281.0
484.9 289.5
482.8 298.1
480.8 306.6
478.6 315.0
476.3 323.5
473.7 331.8
470.9 340.0
467.8 348.2
464.6 356.3
461.3 364.4
457.9 372.4
454.2 380.2
450.1 387.8
445.9 395.4
440.8 402.4
435.6 409.3
430.2 415.9
424.3 422.2
418.1 428.2
411.7 433.9
405.3 439.6
398.8 445.1
391.6 449.7
384.2 454.0
376.8 458.1
369.2 462.0
361.6 465.8
353.8 469.3
345.8 472.1
337.8 474.8
329.7 477.4
321.6 479.8
313.4 482.1
305.3 484.5
297.1 486.6
288.8 488.5
280.6 490.3
272.2 491.8
263.8 492.7
255.4 492.9
246.9 492.6
238.5 492.0
230.1 491.3
221.7 490.5
213.3 489.4
204.9 488.2
196.6 487.0
188.3 485.6
180.1 483.3
172.1 480.7
164.2 477.6
156.8 473.6
149.3 469.6
141.9 465.6
134.7 461.1
127.6 456.5
120.7 451.6
113.9 446.5
108.0 440.4
102.6 433.8
97.3 427.1
92.1 420.3
87.1 413.5
82.0 406.6
77.2 399.6
72.3 392.5
67.5 385.5
62.7 378.4
58.0 371.3
53.4 364.1
49.1 356.7
45.0 349.2
41.1 341.5
37.3 333.9
33.9 326.0
30.5 318.1
27.4 310.1
24.4 302.0
21.6 293.9
19.4 285.5
17.7 277.1
16.2 268.5
15.4 259.9
14.8 251.2
14.2 242.6
14.0 233.9
14.0 225.2
14.7 216.5
15.4 207.7
16.4 199.1
17.5 190.4
18.8 181.7
20.3 173.1
21.8 164.5
24.0 155.9
26.2 147.4
28.8 139.0
32.1 130.8
35.4 122.6
39.1 114.6
43.1 106.7
47.4 98.9
51.9 91.3
56.5 83.7
61.3 76.2
67.2 69.5
73.3 62.9
80.2 57.1
87.1 51.4
94.6 46.4
102.2 41.6
109.9 36.9
117.7 32.3
125.7 28.1
134.0 24.6
142.5 21.3
151.0 18.2
159.5 15.1
168.2 12.6
176.9 10.1
185.7 8.0
194.7 6.2
203.6 4.6
212.5 3.1
221.5 1.8
230.6 0.9
239.7 0.5
248.8 0.2
257.9 -0.0
