89
252.2 0.9
269.9 2.8
287.3 6.6
304.0 12.3
320.7 18.0
337.4 23.9
353.9 30.1
369.9 37.4
384.8 46.6
399.5 56.1
412.3 67.8
425.1 79.5
437.1 91.9
448.7 104.7
459.5 118.1
466.7 133.5
473.1 149.2
477.5 165.4
479.7 181.9
480.6 198.5
481.3 215.1
480.4 231.5
478.9 247.9
477.1 264.3
475.2 280.6
473.1 297.0
470.7 313.2
465.3 328.6
458.8 343.5
451.5 357.9
443.4 371.9
434.1 385.1
423.5 397.2
412.1 408.4
400.3 419.3
387.8 429.2
374.4 438.0
360.9 446.6
347.1 454.6
332.8 461.6
318.4 468.5
303.3 473.8
288.0 478.5
272.1 480.4
256.1 481.3
240.1 481.5
224.1 481.0
208.0 480.5
192.0 479.3
176.1 476.6
160.6 472.3
145.1 467.5
130.2 461.1
115.6 453.8
101.8 445.1
88.1 436.0
74.8 426.6
63.3 414.6
52.3 402.2
42.9 388.3
34.2 374.1
26.7 359.0
20.3 343.3
16.3 326.7
12.6 310.1
10.3 293.1
9.6 275.8
12.5 258.6
16.9 241.7
21.6 224.8
26.9 208.0
32.3 191.3
38.0 174.7
44.2 158.3
51.2 142.1
58.6 126.0
66.1 110.1
73.8 94.2
82.7 78.9
93.8 65.0
105.4 51.4
117.2 38.2
132.5 28.8
148.3 20.3
164.4 12.4
181.5 7.1
198.8 2.6
216.6 0.4
234.4 -0.0
