71
317.7 26.4
337.5 30.0
357.3 34.1
376.7 39.6
395.7 46.8
413.2 57.5
428.3 71.6
442.5 86.9
456.4 102.3
469.6 118.4
480.7 136.2
490.8 154.6
500.0 173.5
495.8 194.3
491.4 215.2
486.7 235.9
480.7 256.3
473.7 276.4
463.5 295.0
451.7 312.6
439.2 329.7
426.3 346.4
413.0 362.9
399.5 379.2
384.2 393.7
367.9 406.9
351.3 419.9
334.7 432.7
317.9 445.2
300.2 456.5
281.7 466.1
262.2 473.0
241.8 475.7
221.4 476.0
201.2 474.4
181.1 472.3
161.1 469.4
142.3 462.5
123.7 455.1
105.7 446.6
88.7 436.5
74.6 422.9
62.3 407.9
51.7 391.6
42.4 374.7
34.2 357.2
27.0 339.3
21.3 321.0
19.4 302.0
18.1 282.9
19.8 263.9
24.1 245.3
30.2 227.2
38.6 210.0
48.1 193.4
59.1 177.8
70.7 162.5
82.7 147.5
96.1 133.7
110.1 120.5
124.6 107.8
139.2 95.2
153.9 82.7
170.7 73.0
187.7 63.6
205.1 54.8
222.9 46.8
241.0 39.5
259.3 32.6
278.4 27.8
297.8 24.3
