184
232.4 13.4
240.0 13.9
247.7 14.7
255.3 15.6
262.8 16.9
270.2 18.6
277.5 20.4
284.9 22.3
292.1 24.5
299.3 26.9
306.4 29.3
313.6 31.7
320.7 34.1
327.8 36.6
334.8 39.4
341.8 42.2
348.7 45.2
355.6 48.1
362.3 51.5
368.8 55.1
375.0 59.1
381.0 63.4
386.9 67.9
392.5 72.8
397.8 77.8
403.1 83.0
408.1 88.4
412.7 94.1
417.1 100.0
421.2 106.0
425.1 112.2
428.8 118.5
432.4 124.9
436.0 131.3
439.4 137.7
442.9 144.2
446.2 150.7
449.2 157.3
452.0 164.1
454.5 171.0
456.9 177.9
459.3 184.8
461.5 191.8
463.6 198.7
465.3 205.9
466.7 213.1
467.5 220.4
467.9 227.7
468.1 235.0
467.6 242.4
467.1 249.7
466.3 257.1
465.5 264.4
464.6 271.8
463.5 279.1
462.4 286.4
460.8 293.7
459.2 300.9
457.5 308.1
455.8 315.4
454.0 322.6
452.0 329.7
449.9 336.9
447.3 343.9
444.5 350.9
441.4 357.7
438.2 364.5
434.5 371.1
430.3 377.4
425.9 383.6
421.5 389.8
416.9 395.9
412.2 402.0
407.4 407.9
402.3 413.7
397.2 419.4
392.0 425.1
386.8 430.8
381.6 436.4
376.3 442.0
370.9 447.5
365.4 452.9
359.8 458.2
353.4 462.8
346.7 466.9
339.7 470.6
332.6 474.1
325.4 477.6
318.2 480.9
310.9 484.1
303.4 486.9
295.9 489.7
288.2 492.0
280.3 494.0
272.4 495.6
264.3 496.9
256.2 498.0
248.1 499.0
239.9 499.7
231.7 499.9
223.4 500.0
215.1 499.9
206.9 498.5
198.6 496.9
190.4 495.2
182.2 493.2
174.1 490.8
166.0 488.3
158.1 485.1
150.2 481.9
143.0 477.3
136.1 472.1
129.3 466.7
122.8 461.1
116.5 455.1
110.2 449.1
104.2 442.8
98.3 436.5
92.4 430.0
86.7 423.5
81.0 416.9
75.6 410.1
70.5 403.0
65.4 395.9
60.5 388.7
55.8 381.3
51.6 373.7
47.5 366.0
43.6 358.1
39.7 350.3
35.9 342.4
32.1 334.5
28.5 326.6
25.1 318.5
22.0 310.3
19.4 302.0
17.4 293.5
15.7 284.9
14.3 276.3
13.2 267.7
12.2 259.0
11.9 250.3
11.7 241.6
11.9 233.0
12.6 224.3
13.8 215.8
15.3 207.3
18.1 199.2
21.0 191.1
23.9 183.1
27.5 175.4
31.2 167.8
35.0 160.2
38.9 152.6
42.8 145.1
47.0 137.8
51.3 130.6
55.7 123.3
60.3 116.3
64.9 109.3
69.9 102.5
74.8 95.7
79.9 89.0
85.2 82.6
90.7 76.4
96.3 70.2
101.9 64.0
108.0 58.5
114.5 53.5
121.0 48.5
127.8 44.1
134.6 39.6
141.7 35.8
148.8 32.0
156.1 28.7
163.5 25.5
171.0 22.7
178.5 20.0
186.0 17.6
193.6 15.4
201.4 14.4
209.2 13.8
216.9 13.4
224.7 13.2
