109
213.1 0.5
228.5 1.3
243.9 2.1
259.3 3.9
274.3 7.3
286.7 15.6
298.9 24.2
310.8 33.1
322.7 42.0
332.7 52.4
342.3 63.2
351.8 74.0
361.1 84.9
370.4 95.8
379.3 106.9
387.8 118.3
395.8 129.8
403.4 141.6
409.3 153.8
414.6 166.2
419.8 178.6
423.5 191.2
427.0 203.7
429.8 216.3
431.7 228.8
433.4 241.2
433.7 253.5
433.8 265.6
433.7 277.7
432.6 289.5
431.4 301.3
429.8 312.9
427.6 324.2
424.8 335.2
421.9 346.1
418.9 357.0
412.4 364.8
405.8 372.6
399.2 380.3
392.6 388.0
384.9 394.1
377.2 400.0
369.5 405.9
361.4 411.1
353.3 416.2
345.0 420.7
336.5 424.7
327.8 428.4
319.2 431.9
310.5 435.3
301.7 438.0
292.7 440.1
283.7 441.8
274.6 442.8
265.5 443.3
256.5 443.7
247.4 444.0
238.4 442.4
229.7 439.7
221.2 436.5
212.7 433.1
204.2 429.4
196.0 425.2
188.3 420.0
180.5 414.8
172.9 409.1
165.5 403.2
158.7 396.5
152.0 389.6
145.4 382.4
138.9 375.2
132.5 367.9
126.1 360.5
119.8 353.1
113.9 345.1
108.3 336.9
103.4 328.0
98.7 318.9
94.3 309.5
90.3 300.0
86.6 290.1
83.5 279.9
80.5 269.6
77.7 259.2
75.4 248.6
73.2 237.8
71.1 227.1
69.3 216.2
67.5 205.3
66.1 194.3
64.8 183.2
64.7 171.7
66.4 159.8
69.5 147.9
72.7 135.9
76.7 124.0
80.8 112.1
85.2 100.2
90.7 88.5
98.7 77.5
106.9 66.7
115.3 55.9
124.3 45.4
134.4 35.7
145.5 26.6
157.4 18.4
169.4 10.2
183.3 4.5
197.7 0.0
