185
229.8 13.8
237.4 14.3
244.9 15.0
252.5 15.9
259.9 17.1
267.2 18.9
274.5 20.6
281.8 22.4
289.0 24.6
296.1 26.9
303.2 29.3
310.2 31.7
317.3 34.0
324.3 36.5
331.3 39.3
338.1 42.1
345.0 44.9
351.8 47.9
358.4 51.1
364.9 54.7
371.1 58.7
377.0 63.0
382.8 67.4
388.4 72.2
393.7 77.2
398.9 82.3
404.0 87.4
408.9 92.8
413.5 98.4
417.9 104.2
422.0 110.2
425.8 116.4
429.5 122.6
433.0 128.9
436.5 135.2
439.9 141.6
443.3 148.0
446.6 154.4
449.6 161.0
452.3 167.7
454.8 174.5
457.1 181.3
459.4 188.2
461.6 195.1
463.7 202.0
465.4 209.1
466.7 216.2
467.5 223.4
467.8 230.7
468.1 238.0
467.5 245.3
466.9 252.5
466.2 259.8
465.3 267.1
464.4 274.3
463.3 281.6
462.1 288.8
460.6 296.0
458.9 303.2
457.2 310.4
455.5 317.5
453.6 324.7
451.6 331.8
449.5 338.9
446.9 345.8
444.1 352.7
441.0 359.5
437.8 366.2
434.1 372.7
429.8 379.0
425.4 385.1
421.0 391.3
416.4 397.3
411.8 403.3
406.9 409.2
401.9 414.9
396.8 420.6
391.6 426.2
386.4 431.8
381.1 437.4
375.8 442.9
370.4 448.3
364.9 453.7
359.4 459.0
353.0 463.5
346.3 467.5
339.3 471.2
332.2 474.7
325.0 478.0
317.8 481.3
310.5 484.5
303.1 487.3
295.5 490.0
287.9 492.3
280.0 494.3
272.1 495.8
264.0 497.0
256.0 498.1
247.9 499.1
239.7 499.8
231.5 499.9
223.2 500.0
215.0 499.9
206.7 498.4
198.5 496.8
190.3 495.1
182.1 493.1
174.0 490.7
166.0 488.1
158.1 485.0
150.2 481.8
143.0 477.2
136.1 471.9
129.4 466.6
122.8 460.9
116.6 454.9
110.3 449.0
104.3 442.7
98.4 436.3
92.5 429.9
86.7 423.4
81.1 416.8
75.7 410.0
70.6 402.9
65.5 395.9
60.6 388.7
55.9 381.3
51.7 373.7
47.6 366.0
43.6 358.2
39.7 350.4
35.9 342.5
32.2 334.6
28.5 326.7
25.1 318.6
22.0 310.5
19.4 302.2
17.3 293.7
15.7 285.1
14.2 276.5
13.1 267.9
12.1 259.3
11.7 250.6
11.6 241.9
11.7 233.3
12.3 224.6
13.5 216.1
15.0 207.6
17.8 199.6
20.6 191.5
23.4 183.5
27.0 175.8
30.7 168.2
34.4 160.6
38.3 153.1
42.1 145.6
46.3 138.3
50.6 131.1
54.8 123.8
59.4 116.8
64.0 109.8
68.9 103.0
73.8 96.3
78.8 89.6
84.0 83.2
89.5 77.0
95.0 70.8
100.5 64.6
106.6 59.1
113.0 54.1
119.4 49.1
126.2 44.7
132.9 40.2
140.0 36.4
147.0 32.6
154.3 29.3
161.5 26.0
169.0 23.3
176.4 20.5
183.9 18.1
191.4 16.0
199.1 14.9
206.8 14.2
214.5 13.9
222.1 13.6
