110
205.6 0.5
221.0 1.2
236.4 2.0
251.8 2.8
267.1 4.6
282.1 8.0
294.4 16.4
306.6 25.0
318.5 34.0
330.3 42.9
340.3 53.5
349.7 64.3
359.2 75.2
368.4 86.2
377.7 97.2
386.5 108.4
394.9 119.8
402.8 131.5
410.3 143.3
416.1 155.6
421.3 168.1
426.4 180.6
430.0 193.2
433.4 205.8
436.1 218.5
437.9 231.1
439.4 243.6
439.6 256.0
439.6 268.2
439.4 280.4
438.0 292.3
436.7 304.1
435.0 315.8
432.6 327.2
429.7 338.3
426.6 349.3
423.4 360.3
416.7 368.1
409.9 375.9
403.1 383.7
396.3 391.5
388.5 397.6
380.6 403.5
372.6 409.5
364.4 414.7
356.0 419.8
347.5 424.4
338.8 428.4
330.0 432.1
321.1 435.7
312.2 439.1
303.1 441.8
294.0 443.9
284.8 445.6
275.5 446.6
266.2 447.1
256.9 447.5
247.6 447.8
238.5 446.2
229.5 443.4
220.8 440.2
212.0 436.8
203.4 433.0
195.0 428.8
187.0 423.5
179.0 418.3
171.3 412.6
163.7 406.6
156.7 399.8
149.8 392.9
143.0 385.6
136.3 378.3
129.7 371.0
123.1 363.6
116.6 356.0
110.6 348.0
104.7 339.7
99.7 330.7
94.8 321.6
90.2 312.1
86.0 302.5
82.2 292.5
78.9 282.2
75.8 271.8
72.8 261.4
70.3 250.7
68.0 239.8
65.7 229.0
63.7 218.0
61.8 207.0
60.2 195.9
58.8 184.7
58.6 173.1
60.1 161.1
63.1 149.1
66.2 137.1
70.1 125.0
74.1 113.0
78.4 101.1
83.8 89.3
91.7 78.2
99.8 67.3
108.2 56.4
117.0 45.8
127.1 36.0
138.1 26.9
150.0 18.5
162.0 10.3
175.8 4.6
190.2 -0.0
