90
252.0 0.9
269.7 2.7
287.1 6.5
303.8 12.1
320.5 17.7
337.2 23.6
353.7 29.7
369.8 36.9
384.7 45.9
399.4 55.3
412.3 66.9
425.1 78.4
437.2 90.7
448.8 103.4
459.6 116.6
467.0 131.8
473.5 147.3
478.0 163.3
480.3 179.6
481.4 196.0
482.3 212.4
481.6 228.7
480.3 244.9
478.6 261.1
476.9 277.3
475.0 293.4
472.8 309.5
467.7 324.6
461.4 339.4
454.3 353.6
446.5 367.5
437.5 380.5
427.2 392.4
416.1 403.6
404.6 414.3
392.3 424.1
379.3 432.8
366.1 441.3
352.6 449.2
338.6 456.1
324.5 462.9
309.7 468.1
294.8 472.7
279.3 474.7
263.7 476.6
248.1 477.4
232.4 477.6
216.7 477.1
201.0 476.5
185.3 475.4
169.7 472.7
154.5 468.4
139.4 463.6
124.8 457.3
110.5 450.0
97.0 441.4
83.7 432.4
70.6 423.0
59.4 411.1
48.7 398.8
39.6 385.1
31.1 370.9
23.9 356.0
17.8 340.4
14.0 324.0
10.4 307.5
8.3 290.6
7.9 273.5
10.9 256.5
15.5 239.7
20.3 222.9
25.6 206.3
31.2 189.8
37.0 173.3
43.3 157.0
50.4 141.0
57.9 125.1
65.5 109.2
73.3 93.5
82.3 78.3
93.5 64.5
105.1 51.1
117.0 37.9
132.3 28.6
148.1 20.2
164.2 12.4
181.3 7.1
198.6 2.6
216.4 0.4
234.2 0.0
