198
264.1 30.6
270.9 31.1
277.7 31.8
284.5 32.7
291.3 33.5
298.0 34.9
304.7 36.4
311.4 38.4
318.0 40.3
324.6 42.5
331.2 44.8
337.7 47.4
344.1 50.1
350.5 52.9
356.9 55.9
363.1 59.1
369.4 62.3
375.6 65.7
381.8 69.1
387.9 72.6
393.8 76.7
399.6 80.9
405.3 85.2
410.7 89.8
416.2 94.6
421.6 99.4
427.0 104.1
432.1 109.3
437.1 114.5
442.2 119.8
446.9 125.4
451.5 131.1
455.7 137.2
459.7 143.4
463.6 149.7
466.9 156.5
470.1 163.3
473.2 170.2
476.2 177.1
479.0 184.1
481.5 191.2
483.9 198.5
486.2 205.7
488.5 213.0
490.5 220.4
492.5 227.8
494.2 235.2
495.7 242.8
496.9 250.4
498.1 258.0
498.9 265.8
499.5 273.5
500.0 281.3
500.0 289.1
499.9 296.9
498.2 304.7
495.4 312.2
492.6 319.7
489.7 327.2
486.2 334.4
482.5 341.6
478.7 348.7
474.6 355.7
470.3 362.6
465.3 368.9
460.1 375.1
454.8 381.3
449.4 387.4
443.7 393.2
437.9 398.9
432.1 404.6
426.3 410.3
420.3 415.9
414.2 421.2
407.6 426.0
401.1 430.8
394.3 435.4
387.6 439.9
380.8 444.4
373.7 448.5
366.7 452.5
359.5 456.3
351.9 459.3
344.4 462.2
336.8 465.0
329.1 467.5
321.3 469.6
313.4 471.5
305.6 473.4
297.7 474.8
289.7 475.8
281.7 476.7
273.8 477.2
265.8 477.6
257.8 477.9
249.8 478.1
241.8 478.2
233.9 478.1
225.9 477.8
218.0 477.2
210.1 476.6
202.2 476.0
194.3 475.2
186.6 473.7
179.0 472.0
171.3 470.2
163.8 468.1
156.3 466.0
148.8 463.8
141.3 461.5
134.1 458.8
126.9 455.9
120.0 452.4
113.6 448.4
107.9 443.5
102.4 438.5
97.0 433.3
91.6 428.1
86.2 422.9
81.2 417.5
76.6 411.7
72.1 405.9
67.7 400.1
63.4 394.2
59.3 388.1
55.6 381.8
52.1 375.5
48.6 369.2
45.3 362.8
42.0 356.3
39.2 349.8
36.3 343.2
33.5 336.6
31.5 329.8
29.5 323.0
27.8 316.2
26.6 309.3
25.6 302.3
24.9 295.4
24.4 288.5
24.0 281.6
23.9 274.6
24.2 267.8
24.7 260.9
25.2 254.1
25.8 247.2
26.5 240.4
27.4 233.7
28.3 226.9
29.5 220.2
30.7 213.5
31.9 206.8
33.5 200.2
35.3 193.6
37.3 187.2
39.5 180.8
41.9 174.5
44.5 168.3
47.3 162.2
50.0 156.0
52.9 150.0
56.1 144.1
59.5 138.4
63.1 132.7
66.8 127.2
71.0 122.0
75.3 116.9
79.7 112.0
84.2 107.1
88.7 102.2
93.8 97.9
99.0 93.7
104.2 89.6
109.5 85.7
114.9 81.8
120.3 77.9
125.8 74.2
131.4 70.7
137.1 67.2
142.8 63.8
148.7 60.8
154.6 57.8
160.6 54.9
166.7 52.1
172.8 49.4
179.0 47.0
185.3 44.8
191.6 42.7
198.0 40.6
204.4 38.7
210.8 36.9
217.4 35.5
223.9 34.1
230.5 33.0
237.2 32.1
243.9 31.3
250.6 30.6
257.3 30.1
