114
194.4 0.4
209.4 0.9
224.4 1.5
239.3 2.1
254.2 3.8
269.0 6.0
283.6 9.2
295.7 17.3
307.5 25.6
319.0 34.2
330.5 42.8
340.2 53.0
349.4 63.5
358.6 73.9
367.7 84.4
376.7 95.0
385.7 105.7
394.3 116.5
402.4 127.5
410.1 138.8
417.3 150.2
422.9 162.2
427.9 174.2
432.8 186.3
436.3 198.5
439.5 210.8
442.0 223.0
443.7 235.2
445.1 247.3
445.3 259.2
445.1 271.1
444.8 282.9
443.4 294.4
442.1 305.8
440.3 317.1
437.9 328.1
434.9 338.8
431.8 349.5
428.6 360.1
422.0 367.6
415.3 375.1
408.5 382.6
401.8 390.0
395.1 397.5
387.3 403.3
379.5 409.0
371.6 414.6
363.4 419.7
355.2 424.5
346.8 428.8
338.1 432.6
329.4 436.1
320.7 439.5
311.9 442.7
302.9 445.2
293.9 447.1
284.8 448.6
275.6 449.4
266.4 449.8
257.3 450.1
248.1 450.2
239.1 448.5
230.2 445.7
221.6 442.3
213.0 438.9
204.4 435.1
196.1 430.7
188.0 426.1
180.1 420.8
172.2 415.5
164.5 409.8
157.0 403.8
150.0 397.0
143.2 390.1
136.5 382.8
129.9 375.6
123.3 368.2
116.8 360.8
110.3 353.3
104.3 345.3
98.5 337.1
93.5 328.1
88.6 319.0
84.1 309.7
79.9 300.1
76.1 290.2
72.8 280.0
69.6 269.7
66.6 259.3
64.1 248.7
61.7 237.9
59.4 227.2
57.4 216.3
55.4 205.4
53.8 194.4
52.3 183.3
52.0 171.8
53.4 159.9
56.3 148.0
59.2 136.1
62.9 124.2
66.8 112.3
70.9 100.4
76.1 88.7
83.7 77.8
91.7 67.0
99.7 56.2
108.3 45.7
118.1 35.9
128.8 26.9
140.3 18.5
152.0 10.3
165.4 4.6
179.4 -0.0
