65
226.6 19.2
248.2 22.0
269.5 26.3
290.9 30.7
312.1 35.3
333.0 41.7
353.2 49.5
371.4 61.5
387.7 76.1
403.3 91.5
418.7 107.0
433.5 123.2
448.2 139.5
460.9 157.5
469.7 178.0
475.4 199.7
479.8 221.8
483.8 244.0
487.8 266.3
491.4 288.6
488.8 311.5
485.3 334.3
478.6 356.7
470.1 378.6
461.2 400.4
448.1 420.4
432.8 439.0
414.8 455.4
395.4 470.3
373.6 481.9
349.8 489.4
325.8 496.1
300.7 498.8
275.6 496.3
250.4 493.6
225.3 490.3
200.3 486.2
175.5 481.1
151.0 474.2
131.9 457.7
113.1 440.9
96.0 422.4
79.4 403.5
62.8 384.6
46.3 365.6
30.2 346.3
19.0 324.2
9.7 301.2
2.2 277.7
0.0 253.5
1.6 229.6
6.0 206.2
11.6 183.1
18.1 160.4
25.5 138.0
37.4 118.2
52.5 101.0
68.6 84.9
85.1 69.3
103.0 55.5
120.9 41.9
141.1 32.4
161.6 23.9
183.0 18.4
204.9 17.3
