87
253.0 1.1
270.9 3.2
288.3 7.3
305.1 13.3
321.9 19.3
338.6 25.5
355.2 32.0
371.3 39.6
386.3 49.1
400.9 59.1
413.8 71.2
426.5 83.3
438.5 96.2
450.1 109.5
460.8 123.4
467.9 139.2
474.1 155.4
478.3 172.2
480.2 189.3
480.9 206.4
481.3 223.5
480.0 240.6
478.2 257.5
476.0 274.4
473.7 291.3
471.3 308.2
468.5 325.0
462.7 340.9
455.7 356.3
447.9 371.2
439.4 385.7
429.5 399.4
417.6 411.1
405.2 422.3
392.0 432.7
378.1 441.9
363.9 450.8
349.5 459.2
334.5 466.5
319.4 473.7
303.7 479.3
287.8 484.2
271.1 485.3
254.4 485.7
237.6 485.4
220.9 485.0
204.2 483.9
187.6 481.3
171.4 477.1
155.3 472.3
139.7 466.0
124.5 458.7
110.0 449.9
95.7 440.8
81.7 431.3
69.7 419.2
58.1 406.6
48.2 392.7
38.9 378.2
30.9 362.9
24.1 347.1
19.7 330.2
15.6 313.4
12.9 296.1
11.9 278.6
14.6 261.2
18.8 244.0
23.3 226.9
28.3 209.9
33.6 193.0
39.1 176.2
45.2 159.5
52.0 143.1
59.2 126.9
66.6 110.7
74.2 94.6
83.0 79.1
94.0 65.0
105.5 51.3
117.4 37.9
132.7 28.4
148.5 20.0
164.7 12.1
181.9 6.8
199.3 2.3
217.2 0.3
235.1 -0.0
