80
306.0 20.6
324.9 22.6
343.7 25.9
362.3 29.7
380.8 34.8
398.8 41.3
415.5 51.1
430.0 64.0
443.7 77.8
457.2 91.8
469.9 106.5
480.9 122.6
490.8 139.4
500.0 156.5
499.3 175.7
496.3 194.6
493.3 213.5
489.9 232.4
485.4 250.9
479.9 269.1
471.6 286.0
461.8 302.0
451.4 317.5
440.5 332.7
429.5 347.7
418.1 362.5
406.5 377.0
393.5 390.2
379.7 402.2
365.6 414.0
351.5 425.7
337.1 437.1
322.1 447.3
306.2 456.1
290.2 464.6
273.5 470.9
256.0 473.4
238.4 473.8
221.0 472.4
203.7 470.7
186.4 468.9
169.2 466.3
152.2 463.0
136.1 457.0
120.2 450.4
104.8 442.8
90.3 433.7
78.0 422.0
66.2 409.8
55.8 396.4
47.1 381.8
39.7 366.6
33.1 350.9
27.5 334.8
23.2 318.4
19.5 301.7
17.3 284.8
16.4 267.7
16.2 250.6
18.6 233.5
23.4 216.8
29.7 200.5
38.2 185.1
47.6 170.2
58.4 156.2
69.8 142.5
81.5 129.1
94.5 116.7
108.0 104.8
122.0 93.5
136.0 82.1
150.2 70.9
166.3 62.3
182.5 53.9
199.0 46.0
216.0 38.9
233.2 32.4
250.6 26.3
268.7 22.0
287.2 19.0
