86
307.5 29.9
324.6 31.6
341.6 34.4
358.6 37.6
375.4 42.1
392.1 46.7
408.5 52.5
423.6 61.3
436.8 72.9
449.1 85.4
461.4 98.1
472.9 111.3
482.8 125.9
491.7 141.1
500.0 156.6
499.1 174.1
496.3 191.2
493.3 208.4
490.0 225.5
485.7 242.3
480.5 258.8
472.7 274.1
464.7 289.3
455.6 303.8
445.8 317.9
435.7 331.6
425.4 345.2
414.9 358.5
404.0 371.6
392.4 384.1
380.4 396.0
367.5 406.8
354.4 417.4
341.3 428.0
327.9 438.2
313.9 447.4
299.2 455.3
284.4 462.9
268.8 468.5
252.6 470.6
236.3 470.7
220.2 469.3
204.1 467.5
188.1 465.6
172.1 463.1
156.3 459.9
141.4 454.1
126.4 448.3
111.7 442.1
97.4 434.9
83.9 426.4
72.4 415.5
61.4 404.1
51.8 391.5
43.6 377.9
36.6 363.8
30.4 349.2
25.1 334.3
21.0 318.9
17.4 303.5
15.2 287.7
14.3 271.9
13.9 255.9
15.9 240.1
20.1 224.5
25.8 209.4
33.4 195.1
41.9 181.2
51.6 168.1
61.9 155.3
72.5 142.8
84.2 131.3
96.5 120.2
109.1 109.6
121.8 99.0
134.6 88.5
149.0 80.1
163.6 71.9
178.4 64.0
193.4 56.6
208.8 49.9
224.4 43.7
240.2 37.9
256.7 33.8
273.4 30.8
290.3 28.6
