193
260.7 29.3
267.6 29.8
274.5 30.5
281.5 31.4
288.4 32.3
295.3 33.7
302.1 35.3
308.9 37.3
315.7 39.3
322.4 41.5
329.1 43.8
335.7 46.5
342.3 49.3
348.8 52.2
355.3 55.3
361.7 58.6
368.1 61.9
374.4 65.3
380.7 68.8
386.9 72.4
392.9 76.6
398.8 81.0
404.6 85.4
410.2 90.2
415.7 95.1
421.2 100.0
426.7 105.0
431.8 110.3
437.0 115.7
442.1 121.1
446.9 126.9
451.6 132.7
455.8 139.0
459.9 145.4
463.9 152.0
467.2 158.9
470.4 165.9
473.5 173.0
476.5 180.1
479.4 187.3
481.9 194.7
484.3 202.2
486.6 209.7
488.8 217.2
490.8 224.8
492.8 232.4
494.5 240.1
496.0 247.9
497.1 255.7
498.2 263.6
499.0 271.6
499.6 279.5
500.0 287.6
499.9 295.6
499.8 303.7
497.9 311.7
495.0 319.5
492.0 327.2
488.9 334.9
485.2 342.4
481.3 349.7
477.3 357.1
473.0 364.3
468.5 371.4
463.1 377.8
457.6 384.2
451.9 390.4
445.9 396.4
439.9 402.3
433.9 408.2
427.7 414.0
421.6 419.8
415.1 425.3
408.3 430.2
401.4 435.2
394.4 439.9
387.3 444.5
380.0 448.7
372.6 452.8
365.1 456.8
357.3 459.8
349.4 462.8
341.4 465.7
333.4 468.3
325.3 470.4
317.1 472.4
309.0 474.3
300.7 475.7
292.4 476.8
284.1 477.7
275.8 478.2
267.5 478.6
259.2 478.9
250.8 479.1
242.5 479.3
234.2 479.1
226.0 478.8
217.7 478.2
209.5 477.6
201.3 476.9
193.0 476.1
185.0 474.5
177.0 472.8
169.1 471.0
161.2 468.8
153.4 466.6
145.6 464.3
137.8 461.9
130.2 459.1
122.7 456.1
115.6 452.5
108.9 448.4
103.1 443.1
97.5 437.8
91.9 432.4
86.2 427.1
81.0 421.4
76.2 415.5
71.4 409.5
66.8 403.5
62.2 397.3
57.9 391.1
54.3 384.5
50.6 378.0
47.0 371.4
43.6 364.7
40.6 357.9
37.6 351.1
34.6 344.3
32.4 337.3
30.3 330.3
28.5 323.2
27.2 316.1
26.0 308.9
25.3 301.8
24.6 294.6
24.2 287.5
23.9 280.3
24.2 273.2
24.6 266.1
25.1 259.1
25.6 252.0
26.3 245.0
27.1 238.0
28.0 231.0
29.1 224.1
30.3 217.1
31.5 210.2
33.0 203.4
34.8 196.6
36.8 190.0
39.0 183.4
41.4 176.9
44.0 170.5
46.8 164.1
49.5 157.8
52.4 151.5
55.6 145.5
59.1 139.5
62.7 133.7
66.4 128.0
70.7 122.6
75.0 117.4
79.6 112.3
84.1 107.2
88.7 102.1
93.8 97.7
99.1 93.4
104.4 89.1
109.8 85.1
115.3 81.1
120.8 77.1
126.4 73.2
132.1 69.6
137.9 66.0
143.7 62.4
149.7 59.3
155.8 56.2
161.9 53.2
168.0 50.4
174.2 47.6
180.6 45.0
187.0 42.8
193.4 40.6
199.9 38.5
206.5 36.5
213.0 34.6
219.7 33.1
226.4 31.8
233.2 30.8
240.0 30.0
246.9 29.3
253.7 28.7
