115
287.2 10.9
299.9 13.5
312.4 16.5
324.9 19.6
337.4 22.9
349.2 27.7
360.8 32.8
372.5 37.9
384.0 43.2
394.8 49.8
405.4 56.5
415.5 63.9
424.0 72.9
431.7 82.5
438.1 93.0
444.0 103.7
449.4 114.6
454.3 125.7
458.8 137.0
463.4 148.3
467.0 159.8
470.2 171.5
472.0 183.5
472.6 195.5
473.2 207.5
473.6 219.6
474.1 231.6
473.4 243.6
472.6 255.7
471.0 267.6
468.5 279.4
465.6 291.0
462.4 302.6
459.1 314.2
454.8 325.5
450.5 336.8
445.8 347.9
439.0 357.9
431.9 367.8
424.8 377.7
416.6 386.7
408.2 395.5
399.6 404.2
390.9 412.8
382.1 421.3
372.6 429.1
363.1 436.9
352.9 443.9
342.6 450.7
332.1 457.3
321.5 463.7
310.6 469.6
299.4 475.1
287.8 479.8
276.0 484.0
263.5 486.3
251.0 488.3
238.3 489.7
225.4 489.8
212.5 488.9
199.8 485.7
187.2 482.1
174.6 478.4
162.0 474.5
149.6 470.2
137.2 465.6
124.8 460.8
112.6 455.8
100.3 450.7
88.5 444.5
77.2 437.4
66.7 428.9
56.2 420.3
45.9 411.5
36.0 402.2
26.3 392.6
20.1 380.3
15.2 367.3
10.6 354.2
7.2 340.6
4.5 326.9
2.8 313.0
1.4 299.1
0.0 285.2
2.7 271.4
5.7 257.7
8.8 244.1
12.1 230.5
16.5 217.2
21.9 204.3
27.6 191.5
33.5 178.8
40.0 166.5
46.8 154.3
53.7 142.2
61.1 130.4
68.4 118.5
75.8 106.7
85.5 96.9
95.2 87.1
105.3 77.7
116.0 69.0
126.8 60.6
137.7 52.3
149.1 44.7
160.6 37.4
172.2 30.2
183.9 23.3
196.1 17.3
208.6 12.4
221.8 11.0
234.9 10.3
248.1 9.7
261.2 9.3
274.4 9.2
