165
222.0 11.2
230.8 11.7
239.6 12.4
248.3 13.1
257.0 14.1
265.6 15.5
274.2 16.9
282.5 19.0
290.8 21.3
298.8 24.3
306.6 27.7
314.2 31.4
321.7 35.3
329.0 39.3
336.1 43.8
343.2 48.3
350.2 52.8
357.1 57.6
363.8 62.5
370.5 67.4
377.1 72.4
383.7 77.5
390.2 82.7
396.7 87.9
402.9 93.3
409.0 98.9
414.5 105.0
419.9 111.2
425.0 117.6
429.7 124.3
434.1 131.2
438.2 138.2
442.3 145.2
446.4 152.3
450.2 159.5
453.6 166.9
456.9 174.3
460.0 181.8
462.9 189.4
465.5 197.1
467.5 204.9
469.3 212.8
471.0 220.8
472.6 228.7
473.8 236.8
474.6 244.8
475.4 252.9
475.1 261.1
474.5 269.2
473.7 277.3
472.4 285.4
471.0 293.5
469.6 301.6
468.1 309.7
466.3 317.7
464.2 325.6
462.0 333.6
459.7 341.5
457.2 349.4
454.7 357.2
451.9 365.0
448.4 372.6
444.4 380.0
440.2 387.2
435.9 394.4
430.8 401.2
425.7 408.0
420.5 414.7
415.2 421.3
409.0 427.3
402.6 433.1
395.7 438.5
388.6 443.6
381.1 448.2
373.6 452.8
365.9 457.2
358.2 461.5
350.2 465.5
341.9 468.9
333.6 472.3
325.2 475.6
316.5 478.3
307.9 480.9
299.2 483.6
290.5 486.2
281.8 488.8
272.9 491.0
263.8 492.4
254.7 493.8
245.5 495.2
236.3 496.2
227.0 497.0
217.6 496.9
208.1 495.9
198.7 494.5
189.3 492.5
179.9 490.5
170.5 488.5
161.4 484.9
152.3 481.2
143.4 477.1
134.6 472.6
126.1 467.5
117.6 462.4
109.2 457.0
101.3 450.8
93.5 444.5
85.9 438.0
78.2 431.5
71.6 423.8
65.0 416.1
58.6 408.2
53.1 399.6
48.2 390.6
43.5 381.6
38.7 372.5
34.1 363.4
29.9 354.0
26.2 344.5
22.7 334.8
19.5 325.1
16.4 315.3
13.5 305.4
10.6 295.6
8.2 285.6
5.8 275.7
3.6 265.6
2.0 255.5
0.7 245.3
-0.0 235.1
0.0 224.9
1.3 214.8
2.7 204.7
4.7 194.8
7.2 185.0
10.1 175.3
13.3 165.8
17.4 156.7
22.3 148.0
27.3 139.5
32.6 131.1
37.9 122.7
43.2 114.4
48.6 106.2
55.0 98.7
61.3 91.4
67.9 84.2
74.6 77.2
81.6 70.6
88.7 64.0
95.9 57.5
103.1 51.2
110.6 45.2
118.1 39.3
126.2 34.5
134.5 30.2
142.9 26.1
151.4 22.5
160.2 19.7
168.9 16.9
177.7 14.5
186.6 12.2
195.5 11.2
204.4 11.0
213.2 10.9
