194
260.6 29.5
267.5 30.0
274.4 30.6
281.3 31.5
288.2 32.4
295.1 33.7
301.9 35.3
308.7 37.2
315.5 39.2
322.2 41.4
328.9 43.7
335.4 46.3
342.0 49.0
348.5 51.9
355.0 55.0
361.4 58.2
367.7 61.5
374.1 64.9
380.4 68.3
386.6 71.8
392.5 76.0
398.4 80.3
404.2 84.7
409.8 89.4
415.3 94.3
420.8 99.1
426.3 104.0
431.5 109.3
436.6 114.6
441.7 119.9
446.5 125.6
451.2 131.4
455.4 137.6
459.5 144.0
463.5 150.4
466.8 157.3
470.0 164.2
473.2 171.2
476.2 178.3
479.1 185.4
481.6 192.7
484.0 200.1
486.3 207.5
488.5 214.9
490.6 222.4
492.6 230.0
494.3 237.6
495.8 245.3
497.0 253.1
498.1 260.9
498.9 268.7
499.6 276.6
500.0 284.6
499.9 292.6
499.9 300.5
498.0 308.5
495.2 316.1
492.3 323.8
489.2 331.4
485.6 338.8
481.7 346.1
477.8 353.3
473.6 360.5
469.2 367.5
463.8 373.9
458.4 380.1
452.8 386.3
446.9 392.2
440.9 398.1
435.0 403.9
428.9 409.6
422.8 415.3
416.5 420.8
409.7 425.7
403.0 430.6
396.0 435.2
389.1 439.8
382.1 444.4
374.8 448.5
367.5 452.6
360.1 456.5
352.4 459.5
344.6 462.5
336.7 465.2
328.8 467.8
320.8 469.9
312.7 471.9
304.7 473.8
296.5 475.1
288.3 476.2
280.1 477.1
271.9 477.5
263.7 477.9
255.4 478.2
247.2 478.3
239.0 478.5
230.8 478.3
222.6 477.9
214.5 477.3
206.4 476.7
198.2 476.0
190.1 475.1
182.2 473.6
174.3 471.8
166.4 470.0
158.7 467.8
150.9 465.6
143.2 463.3
135.6 460.9
128.1 458.1
120.7 455.1
113.6 451.5
107.0 447.4
101.3 442.1
95.8 436.8
90.2 431.5
84.7 426.1
79.5 420.5
74.7 414.6
70.0 408.6
65.5 402.6
61.0 396.5
56.8 390.3
53.2 383.7
49.6 377.2
46.1 370.6
42.7 364.0
39.8 357.2
36.8 350.5
33.9 343.7
31.7 336.7
29.6 329.7
27.9 322.7
26.6 315.6
25.6 308.5
24.9 301.3
24.2 294.2
23.8 287.1
23.6 280.0
23.9 272.9
24.4 265.9
24.9 258.8
25.4 251.8
26.1 244.8
27.0 237.8
27.9 230.8
29.1 223.9
30.2 217.0
31.4 210.1
33.0 203.3
34.9 196.6
36.8 190.0
39.0 183.4
41.5 176.9
44.1 170.5
46.9 164.2
49.7 157.9
52.6 151.7
55.8 145.6
59.3 139.7
62.9 133.9
66.6 128.2
70.9 122.8
75.2 117.6
79.8 112.6
84.3 107.5
88.9 102.5
94.0 98.0
99.3 93.8
104.6 89.5
110.0 85.4
115.5 81.4
121.0 77.4
126.6 73.6
132.3 70.0
138.0 66.3
143.8 62.8
149.9 59.7
155.9 56.6
162.0 53.6
168.2 50.8
174.3 48.0
180.6 45.4
187.1 43.1
193.5 41.0
200.0 38.8
206.5 36.9
213.0 34.9
219.7 33.4
226.4 32.1
233.2 31.1
240.0 30.2
246.8 29.5
253.7 28.9
