122
296.8 7.5
309.1 10.2
321.2 13.2
333.3 16.2
345.3 19.6
356.8 24.3
368.0 29.3
379.3 34.4
390.5 39.6
400.9 46.0
411.2 52.5
421.0 59.7
429.3 68.5
436.8 77.8
443.0 88.0
448.8 98.3
454.2 108.9
459.0 119.7
463.5 130.6
468.0 141.5
471.6 152.7
474.8 164.0
476.7 175.5
477.4 187.2
478.1 198.8
478.8 210.4
479.3 222.1
478.9 233.7
478.3 245.3
476.9 256.8
474.7 268.2
472.0 279.5
469.1 290.8
466.2 302.0
462.2 312.9
458.2 323.8
453.9 334.5
448.7 344.9
442.4 354.7
435.9 364.3
429.2 373.8
421.6 382.6
413.6 391.1
405.6 399.6
397.4 407.9
389.2 416.2
380.3 423.8
371.4 431.4
361.9 438.2
352.2 444.8
342.3 451.3
332.4 457.5
322.1 463.4
311.6 468.7
300.7 473.4
289.8 478.0
278.7 482.1
267.4 485.9
255.6 488.3
243.8 490.3
231.9 491.8
219.8 492.1
207.6 491.4
195.6 488.5
183.7 485.2
171.9 481.8
160.0 478.3
148.3 474.3
136.6 470.1
125.0 465.6
113.5 461.0
102.0 456.3
90.8 450.5
80.2 443.8
70.3 435.9
60.4 427.9
50.8 419.6
41.5 410.9
32.4 401.9
23.9 392.4
18.0 380.8
13.6 368.5
9.3 356.1
6.2 343.3
3.8 330.4
2.4 317.3
1.2 304.2
0.0 291.0
0.3 277.8
3.1 264.8
6.0 251.9
9.1 239.0
12.5 226.2
16.8 213.6
21.4 201.1
26.7 189.0
32.3 176.9
38.2 165.0
44.5 153.4
51.2 141.9
57.9 130.5
65.1 119.3
72.2 108.2
79.4 97.1
88.8 87.8
98.3 78.6
108.1 69.8
118.4 61.7
128.9 53.8
139.5 46.0
150.5 38.9
161.6 32.1
172.9 25.4
184.2 19.0
196.0 13.4
208.1 8.8
220.8 7.6
233.6 6.8
246.3 6.3
259.0 5.9
271.7 5.7
284.4 5.7
