182
236.5 12.1
244.3 12.7
252.1 13.5
259.8 14.5
267.4 15.8
274.9 17.7
282.4 19.5
289.9 21.5
297.2 23.8
304.5 26.2
311.8 28.7
319.0 31.2
326.2 33.8
333.4 36.6
340.4 39.6
347.5 42.6
354.4 45.7
361.3 49.1
367.9 52.8
374.2 56.9
380.4 61.3
386.3 66.0
392.0 70.9
397.4 76.1
402.8 81.4
407.8 86.9
412.6 92.7
417.1 98.7
421.3 104.9
425.2 111.2
429.0 117.6
432.7 124.1
436.3 130.7
439.8 137.2
443.3 143.8
446.7 150.5
449.9 157.2
452.7 164.1
455.3 171.1
457.7 178.2
460.1 185.2
462.4 192.3
464.6 199.5
466.3 206.7
467.7 214.1
468.6 221.5
469.0 229.0
469.3 236.4
468.8 243.9
468.3 251.4
467.6 258.9
466.8 266.4
465.9 273.9
464.8 281.3
463.7 288.8
462.2 296.2
460.5 303.6
458.8 310.9
457.0 318.3
455.0 325.6
452.9 332.9
450.3 340.1
447.5 347.1
444.4 354.1
441.2 361.1
437.5 367.8
433.2 374.2
428.8 380.6
424.4 386.9
419.8 393.1
415.1 399.3
410.2 405.4
405.1 411.2
400.0 417.1
394.8 422.9
389.5 428.7
384.3 434.4
378.9 440.1
373.5 445.8
367.9 451.3
362.3 456.8
356.0 461.5
349.1 465.6
342.1 469.4
334.9 473.1
327.7 476.6
320.4 480.0
313.1 483.3
305.5 486.2
297.9 489.1
290.2 491.5
282.3 493.6
274.2 495.3
266.1 496.6
257.9 497.7
249.8 498.8
241.5 499.6
233.2 499.8
224.9 500.0
216.5 500.0
208.2 498.5
199.9 497.0
191.6 495.4
183.3 493.4
175.2 491.0
167.0 488.5
159.1 485.4
151.1 482.2
143.8 477.6
136.9 472.3
130.1 467.0
123.5 461.3
117.1 455.3
110.8 449.3
104.8 443.0
98.8 436.6
92.9 430.2
87.1 423.6
81.4 417.0
76.0 410.1
70.8 403.0
65.7 395.9
60.7 388.7
56.0 381.3
51.8 373.6
47.7 365.8
43.8 358.0
39.8 350.1
36.0 342.2
32.3 334.2
28.6 326.2
25.2 318.1
22.1 309.9
19.5 301.5
17.5 293.0
15.9 284.4
14.4 275.7
13.3 267.0
12.3 258.3
12.1 249.5
11.9 240.8
12.1 232.1
12.8 223.4
14.1 214.8
15.7 206.2
18.5 198.1
21.5 190.0
24.4 181.9
28.1 174.2
31.9 166.5
35.8 158.9
39.8 151.3
43.7 143.8
48.0 136.4
52.5 129.1
56.9 121.9
61.6 114.8
66.3 107.8
71.3 100.9
76.4 94.2
81.5 87.4
87.0 81.0
92.6 74.7
98.2 68.5
103.9 62.4
110.1 56.8
116.7 51.8
123.3 46.8
130.2 42.4
137.2 37.9
144.4 34.1
151.6 30.3
159.1 27.0
166.5 23.8
174.1 21.1
181.7 18.4
189.4 16.0
197.2 13.9
205.0 12.9
212.9 12.3
220.8 12.0
228.7 11.9
