51
244.0 13.1
270.8 17.6
297.2 24.4
323.0 33.5
348.1 44.6
368.2 64.2
387.2 85.0
406.2 105.9
424.3 127.6
442.2 149.5
457.7 173.5
468.1 200.7
474.6 229.5
479.4 258.8
483.8 288.2
488.1 317.7
491.9 347.2
487.8 377.5
476.2 406.6
458.8 433.1
435.1 455.2
409.6 475.3
378.4 485.9
346.9 495.6
314.2 500.0
281.3 497.9
248.4 495.5
215.5 492.3
183.6 484.6
158.4 464.6
133.6 444.2
111.0 421.7
89.0 398.7
67.2 375.5
45.9 351.9
30.8 324.7
18.1 296.4
7.8 267.5
4.2 237.7
9.0 208.9
15.5 180.6
23.0 152.6
37.5 128.3
55.9 107.5
75.7 87.9
96.0 69.1
118.1 52.7
140.2 36.3
165.1 25.3
190.5 15.5
217.0 9.5
