167
273.0 1.5
282.3 3.7
291.5 6.1
300.7 8.6
309.7 11.5
318.6 14.9
327.4 18.6
336.0 22.7
344.5 26.8
352.9 31.3
361.2 36.0
369.4 40.8
377.5 45.8
385.6 50.8
393.5 56.1
401.4 61.4
408.6 67.6
415.4 74.1
421.9 81.0
428.4 88.0
434.3 95.3
440.3 102.7
446.2 110.0
451.9 117.6
457.2 125.4
462.1 133.5
467.0 141.6
471.2 150.0
474.7 158.7
477.8 167.5
480.9 176.4
483.3 185.4
485.3 194.5
487.1 203.6
488.8 212.8
489.7 222.0
490.5 231.2
490.5 240.5
489.2 249.6
487.6 258.6
485.8 267.6
484.0 276.6
482.0 285.5
480.0 294.4
477.8 303.3
475.7 312.2
473.3 321.0
470.7 329.8
467.8 338.4
464.7 346.9
461.4 355.4
458.1 363.9
454.7 372.3
450.9 380.5
446.7 388.5
442.4 396.5
437.1 403.7
431.9 411.0
426.2 418.0
420.2 424.6
413.9 430.9
407.3 436.9
400.8 442.9
393.4 447.8
385.8 452.3
378.2 456.7
370.4 460.8
362.6 464.9
354.6 468.5
346.3 471.6
338.1 474.5
329.7 477.1
321.3 479.6
313.0 482.1
304.5 484.5
296.0 486.5
287.5 488.5
278.9 490.2
270.3 491.1
261.6 491.5
252.9 491.2
244.2 490.7
235.6 490.1
226.9 489.3
218.3 488.3
209.7 487.2
201.1 486.1
192.5 484.6
184.2 482.4
175.9 479.8
167.8 476.6
160.1 472.6
152.5 468.6
144.8 464.5
137.5 459.9
130.1 455.3
123.0 450.3
116.1 445.1
110.0 438.9
104.4 432.2
99.0 425.3
93.8 418.4
88.6 411.4
83.4 404.4
78.4 397.2
73.5 390.0
68.5 382.8
63.6 375.6
58.8 368.3
54.1 360.9
49.7 353.3
45.5 345.7
41.6 337.8
37.6 330.0
34.2 321.9
31.0 313.7
27.9 305.5
25.1 297.1
22.8 288.6
21.1 279.9
19.7 271.2
18.9 262.3
18.3 253.4
17.8 244.6
17.6 235.6
17.7 226.7
18.4 217.8
19.2 208.9
20.3 200.0
21.5 191.1
23.0 182.2
24.5 173.4
26.2 164.5
28.5 155.8
30.8 147.1
33.6 138.5
37.1 130.0
40.5 121.7
44.5 113.4
48.7 105.3
53.1 97.4
57.9 89.6
62.7 81.8
67.7 74.1
73.9 67.3
80.3 60.6
87.5 54.7
94.7 48.8
102.5 43.8
110.5 38.9
118.5 34.1
126.6 29.4
134.9 25.2
143.7 21.7
152.4 18.3
161.3 15.2
170.2 12.1
179.3 9.6
188.5 7.5
197.8 5.8
207.1 4.2
216.4 2.7
225.8 1.5
235.2 0.6
244.7 0.3
254.2 0.1
263.7 0.0
