181
239.5 11.4
247.4 12.1
255.2 12.9
263.0 13.9
270.8 15.3
278.3 17.2
285.9 19.1
293.5 21.0
300.9 23.4
308.2 25.9
315.6 28.4
322.9 30.9
330.2 33.6
337.4 36.4
344.5 39.4
351.6 42.5
358.7 45.6
365.6 49.0
372.3 52.8
378.7 57.0
384.7 61.6
390.5 66.6
396.0 71.9
401.4 77.2
406.5 82.8
411.3 88.7
415.8 94.7
420.1 100.9
424.1 107.3
428.0 113.8
431.7 120.4
435.3 127.0
438.9 133.6
442.5 140.3
445.9 147.0
449.1 153.8
452.0 160.8
454.6 167.8
457.1 174.9
459.6 182.1
461.9 189.2
464.1 196.4
465.9 203.7
467.3 211.1
468.2 218.6
468.7 226.2
469.0 233.7
468.6 241.3
468.1 248.8
467.4 256.4
466.6 264.0
465.8 271.5
464.7 279.0
463.6 286.5
462.1 294.0
460.5 301.4
458.8 308.9
457.0 316.3
455.0 323.7
453.0 331.0
450.4 338.3
447.6 345.4
444.6 352.4
441.4 359.5
437.7 366.2
433.4 372.7
429.0 379.1
424.6 385.5
420.0 391.8
415.3 398.1
410.4 404.2
405.3 410.1
400.3 416.1
395.0 421.9
389.8 427.7
384.5 433.5
379.2 439.3
373.8 445.0
368.2 450.6
362.6 456.1
356.2 460.8
349.4 465.0
342.3 468.9
335.2 472.6
327.9 476.1
320.6 479.6
313.3 482.9
305.7 485.9
298.1 488.8
290.4 491.3
282.4 493.4
274.4 495.1
266.3 496.4
258.1 497.6
249.9 498.7
241.6 499.6
233.3 499.8
225.0 500.0
216.6 500.0
208.3 498.6
200.0 497.1
191.7 495.4
183.4 493.5
175.2 491.1
167.1 488.6
159.1 485.5
151.1 482.3
143.8 477.7
136.9 472.4
130.0 467.1
123.4 461.4
117.1 455.4
110.8 449.4
104.7 443.1
98.8 436.7
92.9 430.2
87.1 423.7
81.4 417.0
76.0 410.1
70.8 403.0
65.7 395.9
60.7 388.6
56.0 381.2
51.8 373.5
47.7 365.7
43.8 357.9
39.9 350.0
36.1 342.0
32.4 334.1
28.7 326.0
25.3 317.9
22.3 309.7
19.6 301.3
17.6 292.7
16.1 284.1
14.6 275.4
13.6 266.7
12.6 257.9
12.4 249.2
12.3 240.4
12.5 231.6
13.3 222.9
14.6 214.3
16.2 205.7
19.1 197.6
22.1 189.5
25.1 181.4
28.8 173.6
32.7 165.9
36.6 158.3
40.6 150.7
44.7 143.1
49.0 135.7
53.5 128.4
58.0 121.2
62.7 114.1
67.6 107.0
72.6 100.2
77.7 93.4
82.9 86.7
88.4 80.2
94.1 73.9
99.8 67.7
105.6 61.5
111.9 56.0
118.5 51.0
125.2 46.0
132.2 41.5
139.2 37.1
146.5 33.3
153.8 29.5
161.3 26.2
168.9 23.0
176.5 20.3
184.2 17.6
192.0 15.2
199.8 13.1
207.8 12.1
215.7 11.6
223.7 11.3
231.6 11.2
