136
257.5 29.9
267.7 32.2
277.8 35.3
287.8 38.4
297.6 41.9
307.4 45.9
317.1 49.9
326.7 54.1
336.3 58.4
345.9 62.9
355.1 67.9
364.3 73.1
373.5 78.3
382.5 83.9
391.3 89.7
399.6 96.3
407.9 102.9
415.8 110.0
423.4 117.4
430.9 125.0
438.2 132.7
445.5 140.6
452.6 148.5
458.7 157.3
464.9 166.1
470.8 175.0
476.6 184.0
482.2 193.2
487.2 202.7
490.8 212.9
494.2 223.1
497.6 233.4
499.4 244.1
499.8 255.0
500.0 265.9
499.0 276.8
497.0 287.6
494.8 298.3
491.6 308.9
488.2 319.3
484.7 329.7
479.3 339.4
473.6 348.8
467.9 358.3
462.0 367.6
455.8 376.7
449.2 385.6
442.5 394.4
435.7 403.1
428.7 411.7
421.1 419.7
412.9 427.1
404.6 434.4
396.0 441.4
386.4 446.9
376.8 452.3
366.9 457.3
356.7 461.4
346.2 464.9
335.7 468.4
325.1 471.4
314.3 473.6
303.4 475.3
292.5 476.8
281.5 477.7
270.6 478.4
259.6 477.7
248.7 477.0
237.7 476.2
227.1 473.9
216.4 471.5
206.1 468.0
196.1 463.7
186.3 459.1
176.4 454.6
166.7 449.8
157.1 444.7
147.6 439.5
138.4 433.8
129.3 427.9
120.4 421.9
111.9 415.2
103.5 408.5
95.2 401.5
87.6 394.0
80.0 386.4
73.0 378.3
66.3 369.9
59.7 361.5
53.5 352.8
47.6 344.0
41.8 335.0
36.3 325.9
32.2 316.1
28.2 306.3
24.6 296.4
21.3 286.3
18.2 276.2
15.8 266.0
13.4 255.7
12.1 245.3
11.1 234.8
11.1 224.3
11.4 213.9
12.2 203.5
13.3 193.1
14.6 182.7
16.2 172.4
18.3 162.2
20.8 152.1
24.8 142.6
29.5 133.3
36.4 125.6
43.3 117.9
50.6 110.6
58.2 103.6
66.3 97.2
74.6 91.0
83.1 85.2
91.9 79.7
100.7 74.3
109.6 69.1
118.7 64.1
127.9 59.4
137.2 54.9
146.5 50.5
155.9 46.1
165.4 42.0
175.3 39.0
185.4 36.4
195.5 34.3
205.7 32.3
216.0 31.1
226.3 30.2
236.7 29.7
247.1 29.3
