155
206.4 6.0
216.0 6.2
225.5 6.7
235.0 7.4
244.4 8.4
253.8 9.4
263.2 10.6
272.5 12.3
281.4 14.8
290.4 17.4
299.0 20.8
307.4 24.7
315.6 28.8
323.7 33.2
331.6 37.7
339.3 42.7
347.0 47.7
354.5 52.8
361.9 58.1
369.2 63.5
376.5 69.0
383.6 74.6
390.7 80.2
397.8 85.9
404.8 91.7
411.5 97.7
418.1 103.9
424.0 110.7
429.5 117.8
434.5 125.2
439.4 132.7
443.9 140.4
448.3 148.1
452.7 155.9
456.5 164.0
459.8 172.2
463.0 180.6
465.8 189.0
468.1 197.6
470.1 206.2
472.0 214.9
473.8 223.6
475.1 232.4
476.0 241.3
476.9 250.1
476.7 259.1
476.2 268.0
475.4 276.9
474.0 285.7
472.6 294.6
471.2 303.4
469.7 312.2
467.9 321.0
465.6 329.7
463.4 338.4
461.0 347.1
458.4 355.7
455.8 364.4
452.9 372.9
449.2 381.2
444.8 389.1
440.2 397.1
434.8 404.5
429.3 411.9
423.7 419.2
417.2 425.8
410.4 432.2
403.1 438.1
395.6 443.8
387.7 448.9
379.7 454.1
371.5 458.9
363.1 463.4
354.3 467.2
345.4 471.0
336.5 474.7
327.3 477.8
318.1 480.9
308.9 483.9
299.7 486.9
290.4 489.9
281.0 492.4
271.4 494.2
261.7 495.9
252.0 497.6
242.2 498.9
232.3 499.9
222.3 500.0
212.3 499.2
202.3 497.8
192.3 495.8
182.3 493.8
172.6 490.2
163.0 486.5
153.5 482.3
144.2 477.7
135.2 472.5
126.2 467.2
117.3 461.6
108.9 455.2
100.7 448.7
92.6 441.9
84.5 435.1
77.5 427.1
70.5 419.0
63.7 410.8
57.9 401.8
52.7 392.5
47.7 383.0
42.7 373.5
37.9 363.9
33.5 354.1
29.6 344.1
25.9 334.0
22.6 323.7
19.3 313.5
16.3 303.2
13.3 292.8
10.7 282.4
8.2 271.9
6.0 261.4
4.3 250.7
3.1 240.1
2.4 229.3
2.5 218.6
3.9 208.0
5.5 197.4
7.7 187.0
10.5 176.7
13.6 166.6
17.2 156.6
21.6 147.0
26.9 138.0
32.4 129.0
38.0 120.3
43.8 111.6
49.6 102.9
55.5 94.3
62.3 86.5
69.2 78.8
76.3 71.3
83.5 64.0
91.2 57.2
98.8 50.4
106.6 43.8
114.7 37.6
122.8 31.5
131.5 26.5
140.5 22.2
149.6 18.0
158.8 14.3
168.2 11.5
177.7 9.2
187.2 6.9
196.9 6.0
