67
224.7 19.5
245.9 21.9
266.8 25.9
287.7 30.0
308.6 34.3
329.0 40.2
348.9 47.6
366.8 59.0
382.9 72.8
398.3 87.5
413.6 102.2
428.2 117.6
442.8 133.1
455.4 150.3
464.3 169.7
470.2 190.5
474.9 211.5
479.2 232.7
483.5 253.9
487.3 275.2
485.3 297.0
482.4 318.8
476.4 340.1
468.7 361.0
461.0 381.9
452.9 402.7
440.8 421.7
426.5 439.4
409.7 455.0
391.5 469.2
371.0 480.2
348.6 487.2
326.0 493.5
302.4 495.9
278.7 493.4
255.0 490.6
231.3 487.3
207.8 483.2
184.4 478.1
161.4 471.4
140.1 460.3
122.2 444.3
104.6 428.0
88.6 410.1
73.1 391.8
57.6 373.6
42.3 355.2
27.2 336.5
16.9 315.1
8.4 292.9
1.7 270.2
0.0 246.8
1.9 223.6
6.6 201.0
12.5 178.7
19.2 156.8
26.7 135.1
38.6 115.9
53.5 99.3
69.4 83.7
85.7 68.6
103.4 55.2
121.0 41.9
140.8 32.7
161.0 24.4
181.9 18.9
203.4 17.7
