53
232.1 17.0
257.9 21.7
283.3 28.3
308.7 35.1
333.4 44.2
357.5 55.2
376.8 74.4
395.1 94.7
413.2 115.1
430.6 136.4
447.8 157.7
462.6 181.2
472.6 207.7
478.8 235.7
483.3 264.3
487.5 292.9
491.6 321.6
495.1 350.4
491.1 379.9
479.9 408.2
463.0 434.1
440.1 455.6
415.4 475.3
385.3 485.8
354.8 495.4
323.2 500.0
291.4 498.3
259.6 496.3
227.9 493.5
197.1 486.4
172.7 467.4
148.7 448.0
126.9 426.7
105.6 404.8
84.3 382.9
63.3 360.8
42.6 338.4
27.9 312.5
15.7 285.6
5.7 258.0
2.1 229.6
6.7 202.1
12.8 175.1
19.9 148.5
33.8 125.4
51.5 105.6
70.5 87.1
90.0 69.2
111.2 53.7
132.4 38.2
156.4 27.9
180.8 18.7
206.2 13.2
