171
270.0 1.5
279.0 3.6
288.0 6.0
296.9 8.5
305.7 11.3
314.3 14.7
322.9 18.2
331.5 21.7
339.8 25.8
348.1 29.9
356.3 34.3
364.3 38.9
372.3 43.7
380.2 48.6
388.0 53.5
395.7 58.7
403.3 64.0
410.3 70.1
416.9 76.5
423.2 83.3
429.5 90.2
435.4 97.3
441.1 104.5
446.9 111.7
452.6 119.0
458.1 126.5
463.2 134.2
467.9 142.1
472.6 150.1
476.6 158.4
480.0 166.9
482.9 175.6
485.8 184.4
488.1 193.2
490.0 202.2
491.6 211.2
493.2 220.3
493.9 229.4
494.6 238.5
494.4 247.6
493.1 256.6
491.4 265.4
489.5 274.3
487.6 283.1
485.5 291.9
483.4 300.7
481.2 309.5
478.9 318.3
476.5 327.0
473.7 335.6
470.8 344.1
467.6 352.5
464.3 360.9
460.9 369.2
457.4 377.5
453.5 385.6
449.2 393.5
444.9 401.3
439.6 408.5
434.3 415.7
428.6 422.5
422.6 429.0
416.2 435.2
409.6 441.2
403.0 447.1
395.7 451.9
388.1 456.4
380.4 460.7
372.6 464.7
364.8 468.7
356.8 472.4
348.6 475.3
340.3 478.2
331.9 480.8
323.6 483.3
315.2 485.7
306.7 488.0
298.2 490.0
289.7 492.0
281.2 493.6
272.5 494.6
263.8 494.9
255.1 494.7
246.5 494.2
237.8 493.6
229.2 492.8
220.5 491.8
211.9 490.7
203.3 489.6
194.8 488.2
186.4 486.0
178.1 483.4
170.1 480.3
162.4 476.4
154.7 472.4
147.1 468.3
139.7 463.8
132.3 459.3
125.2 454.4
118.3 449.2
112.1 443.1
106.5 436.5
101.1 429.7
95.8 422.9
90.5 416.0
85.3 409.1
80.3 402.0
75.3 394.9
70.3 387.8
65.3 380.7
60.4 373.5
55.7 366.2
51.3 358.8
47.0 351.2
43.0 343.5
39.0 335.7
35.5 327.8
32.0 319.8
28.7 311.7
25.6 303.6
22.7 295.4
20.3 287.0
18.5 278.4
17.0 269.8
16.1 261.0
15.4 252.3
14.8 243.5
14.5 234.8
14.4 226.0
15.0 217.2
15.7 208.4
16.7 199.6
17.7 190.8
19.0 182.1
20.5 173.3
22.0 164.6
24.1 156.0
26.3 147.4
29.0 138.9
32.2 130.6
35.5 122.4
39.3 114.3
43.3 106.3
47.6 98.4
52.2 90.7
56.8 83.1
61.6 75.5
67.6 68.7
73.8 62.2
80.7 56.3
87.7 50.6
95.3 45.6
103.0 40.8
110.8 36.0
118.7 31.4
126.8 27.2
135.3 23.8
143.8 20.5
152.4 17.4
161.1 14.4
169.9 11.9
178.8 9.5
187.7 7.4
196.8 5.7
205.8 4.2
214.9 2.7
224.0 1.4
233.2 0.6
242.4 0.3
251.6 0.1
260.9 0.0
