162
217.7 8.3
226.6 8.9
235.6 9.6
244.5 10.4
253.4 11.5
262.2 13.0
270.9 14.4
279.5 16.7
287.9 19.1
296.1 22.2
304.0 25.8
311.8 29.6
319.5 33.6
327.0 37.8
334.2 42.4
341.4 47.1
348.6 51.8
355.6 56.7
362.5 61.8
369.3 66.9
376.1 72.1
382.8 77.4
389.4 82.7
396.0 88.1
402.4 93.7
408.6 99.5
414.2 105.8
419.8 112.2
425.0 118.8
429.7 125.7
434.2 132.8
438.4 140.1
442.6 147.3
446.7 154.6
450.6 162.1
454.0 169.7
457.5 177.3
460.6 185.1
463.5 192.9
466.1 200.8
468.2 208.9
470.0 217.1
471.7 225.3
473.3 233.5
474.5 241.7
475.3 250.1
476.1 258.4
475.8 266.8
475.2 275.2
474.3 283.6
472.9 291.9
471.5 300.3
470.0 308.6
468.5 316.9
466.6 325.2
464.4 333.4
462.1 341.6
459.7 349.7
457.2 357.9
454.6 366.0
451.7 374.0
448.1 381.8
444.0 389.4
439.6 396.9
435.2 404.4
429.9 411.3
424.5 418.3
419.1 425.1
412.7 431.3
406.1 437.3
399.0 442.8
391.7 448.1
384.0 452.9
376.3 457.7
368.3 462.1
360.2 466.3
351.6 469.9
343.1 473.4
334.5 476.8
325.6 479.6
316.6 482.4
307.7 485.1
298.8 487.9
289.8 490.6
280.7 492.9
271.3 494.4
262.0 495.9
252.6 497.4
243.1 498.5
233.6 499.3
223.9 499.3
214.2 498.3
204.5 496.9
194.8 495.0
185.1 492.9
175.5 490.9
166.1 487.3
156.8 483.6
147.6 479.4
138.6 474.8
129.9 469.7
121.1 464.5
112.5 459.0
104.4 452.8
96.4 446.3
88.5 439.7
80.7 433.1
73.9 425.3
67.1 417.4
60.5 409.4
54.9 400.6
49.8 391.5
44.9 382.3
40.0 373.0
35.3 363.7
31.0 354.2
27.2 344.4
23.5 334.6
20.2 324.7
17.0 314.7
14.0 304.7
11.0 294.7
8.5 284.5
6.0 274.3
3.8 264.1
2.1 253.8
0.8 243.4
0.0 233.0
0.0 222.6
1.3 212.3
2.7 202.0
4.7 191.9
7.3 181.9
10.2 172.0
13.5 162.3
17.6 153.0
22.6 144.2
27.7 135.5
33.1 127.0
38.5 118.5
43.9 110.0
49.5 101.6
55.9 94.1
62.4 86.5
69.1 79.2
76.0 72.1
83.2 65.4
90.4 58.7
97.7 52.2
105.0 45.7
112.7 39.6
120.4 33.6
128.7 28.7
137.2 24.4
145.7 20.2
154.5 16.6
163.4 13.8
172.4 11.4
181.4 9.1
190.5 8.1
199.6 8.0
208.7 7.9
