101
265.1 8.0
281.2 9.1
297.2 11.1
312.8 14.8
327.9 20.2
343.1 25.6
358.1 31.1
373.0 36.9
387.5 43.7
401.0 52.1
414.3 60.9
426.0 71.5
437.6 82.2
448.6 93.5
459.2 105.1
469.0 117.3
475.8 131.2
481.8 145.4
486.0 160.0
488.2 175.0
489.4 189.9
490.4 204.9
490.0 219.8
489.0 234.6
487.7 249.4
486.4 264.1
484.9 278.9
483.1 293.6
478.7 307.5
473.3 321.0
468.0 334.4
461.8 347.5
455.1 360.2
447.2 372.2
438.2 383.2
428.5 393.5
418.4 403.4
407.7 412.5
396.2 420.6
384.7 428.5
372.8 436.0
360.6 442.6
348.2 449.1
335.9 455.5
322.9 460.5
309.8 465.0
296.1 467.1
282.4 469.1
268.7 470.3
254.9 470.8
241.0 470.7
227.2 470.6
213.4 470.5
199.6 469.8
185.9 467.7
172.5 464.3
159.3 460.3
146.4 455.1
133.7 449.4
121.2 443.3
109.4 435.9
97.7 428.2
86.2 420.2
74.8 412.1
64.2 402.8
54.0 393.1
44.2 382.8
34.9 372.2
27.0 360.3
19.6 348.0
13.3 335.1
8.0 321.6
4.8 307.3
1.9 292.9
0.2 278.2
0.0 263.3
2.9 248.5
7.1 233.9
11.6 219.3
16.6 204.8
21.7 190.4
27.1 176.1
33.0 161.9
39.5 148.0
46.3 134.1
53.3 120.4
60.5 106.7
68.7 93.5
78.8 81.6
89.4 69.9
100.2 58.5
113.7 50.0
127.2 41.7
141.0 33.8
155.3 26.6
169.9 20.0
185.3 15.7
201.0 12.0
216.9 9.5
232.9 7.9
249.0 7.9
