148
243.6 0.1
254.4 0.1
265.2 0.3
275.9 1.5
286.7 2.7
297.3 4.6
307.8 6.8
318.2 9.3
328.5 12.5
338.5 16.3
348.5 20.2
358.4 24.1
367.9 29.1
377.0 34.6
385.7 40.6
394.3 46.8
402.4 53.6
410.3 60.7
418.1 67.7
425.7 75.1
432.5 83.0
439.2 91.2
445.7 99.4
452.0 107.8
458.2 116.2
463.5 125.2
467.9 134.6
472.2 144.1
476.3 153.6
480.1 163.3
482.6 173.3
484.8 183.3
486.4 193.5
488.0 203.6
488.6 213.8
489.2 224.1
489.6 234.3
489.7 244.5
489.6 254.7
489.4 264.9
489.0 275.1
488.5 285.3
487.8 295.5
487.0 305.6
485.3 315.7
482.2 325.3
478.7 334.8
475.1 344.2
471.5 353.6
467.5 362.9
463.0 372.0
458.3 380.9
453.4 389.7
447.1 397.5
439.8 404.4
432.3 411.0
424.6 417.5
416.9 423.9
408.8 429.9
400.6 435.6
392.3 441.3
383.7 446.4
374.9 451.3
365.9 455.6
356.7 459.5
347.3 463.3
337.9 466.8
328.5 470.3
319.0 473.5
309.4 476.4
299.5 478.2
289.5 479.7
279.5 480.8
269.5 481.8
259.4 482.3
249.3 482.5
239.2 482.6
229.1 482.6
219.0 482.3
208.9 481.8
198.9 480.9
188.8 480.0
178.7 478.9
168.7 477.7
158.7 476.2
148.8 473.6
139.1 470.5
129.5 467.2
119.9 463.8
111.1 458.5
102.6 452.6
94.3 446.6
86.0 440.5
77.7 434.4
69.9 427.5
62.4 420.4
55.9 412.3
49.3 404.2
43.1 395.9
37.5 387.1
31.9 378.2
27.0 368.9
22.4 359.5
17.9 350.0
13.5 340.4
9.6 330.7
6.5 320.6
3.9 310.3
2.3 299.8
1.0 289.2
0.5 278.6
0.0 267.9
0.2 257.2
0.8 246.5
1.9 235.8
3.2 225.2
5.0 214.6
7.5 204.1
10.4 193.7
13.5 183.4
16.7 173.1
20.9 163.1
25.4 153.3
30.1 143.5
34.8 133.8
40.7 124.6
46.7 115.6
53.2 106.9
60.2 98.6
67.5 90.5
74.7 82.4
82.2 74.5
89.8 66.7
97.4 59.0
105.2 51.3
113.0 43.7
121.1 36.5
129.3 29.3
138.7 23.8
148.9 19.9
159.1 16.1
169.3 12.3
179.5 8.7
189.8 5.3
200.4 2.8
211.1 1.1
221.9 0.2
232.8 0.1
