168
277.5 1.5
286.7 3.7
295.9 6.1
305.0 8.7
314.1 11.6
322.9 15.0
331.6 18.7
340.2 22.8
348.7 27.0
357.0 31.5
365.3 36.2
373.4 41.1
381.5 46.0
389.6 51.0
397.4 56.4
405.2 61.7
412.4 67.9
419.2 74.5
425.7 81.4
432.0 88.4
438.0 95.8
443.9 103.1
449.8 110.5
455.4 118.1
460.6 125.9
465.5 134.0
470.3 142.1
474.4 150.6
477.9 159.3
481.0 168.1
484.0 177.0
486.4 186.1
488.4 195.2
490.1 204.4
491.8 213.6
492.5 222.8
493.3 232.1
493.2 241.4
491.9 250.5
490.3 259.5
488.4 268.5
486.5 277.5
484.5 286.5
482.4 295.5
480.2 304.4
478.0 313.3
475.6 322.1
472.9 330.9
470.0 339.6
466.8 348.1
463.5 356.6
460.1 365.1
456.6 373.5
452.7 381.8
448.4 389.8
444.1 397.8
438.8 405.1
433.5 412.4
427.8 419.4
421.7 426.0
415.3 432.3
408.7 438.4
402.1 444.4
394.7 449.4
387.0 453.9
379.3 458.2
371.4 462.4
363.5 466.5
355.5 470.2
347.2 473.2
338.9 476.1
330.4 478.8
322.0 481.3
313.5 483.8
305.0 486.2
296.5 488.2
287.9 490.2
279.3 491.9
270.5 492.9
261.8 493.3
253.0 493.0
244.3 492.5
235.5 492.0
226.8 491.2
218.2 490.2
209.5 489.1
200.8 488.0
192.2 486.5
183.8 484.3
175.4 481.7
167.3 478.6
159.5 474.6
151.8 470.6
144.1 466.5
136.7 461.9
129.3 457.3
122.1 452.3
115.1 447.1
109.0 440.9
103.3 434.2
97.9 427.4
92.5 420.4
87.3 413.4
82.0 406.4
77.0 399.2
72.0 392.0
67.0 384.9
62.0 377.7
57.1 370.4
52.4 363.0
47.9 355.4
43.7 347.8
39.7 339.9
35.7 332.1
32.2 324.0
28.9 315.8
25.8 307.6
22.9 299.3
20.6 290.7
18.8 282.0
17.3 273.3
16.5 264.5
15.8 255.6
15.3 246.7
15.0 237.8
15.0 228.9
15.7 219.9
16.5 211.0
17.6 202.1
18.7 193.2
20.1 184.4
21.6 175.5
23.2 166.7
25.4 157.9
27.7 149.2
30.5 140.6
33.9 132.2
37.3 123.8
41.2 115.6
45.3 107.5
49.7 99.6
54.4 91.8
59.2 84.0
64.2 76.3
70.3 69.5
76.7 62.8
83.8 56.9
91.0 51.1
98.8 46.0
106.7 41.1
114.6 36.3
122.7 31.7
131.0 27.4
139.7 24.0
148.4 20.6
157.2 17.5
166.1 14.4
175.1 12.0
184.2 9.5
193.4 7.4
202.6 5.7
211.9 4.1
221.2 2.7
230.5 1.4
239.9 0.6
249.3 0.3
258.7 0.1
268.2 -0.0
