120
294.8 11.8
307.0 14.4
319.1 17.4
331.2 20.4
343.1 23.7
354.5 28.3
365.8 33.3
377.0 38.3
388.1 43.4
398.5 49.8
408.8 56.3
418.6 63.5
426.8 72.2
434.2 81.5
440.4 91.6
446.1 101.9
451.5 112.4
456.2 123.2
460.6 134.1
465.0 145.0
468.6 156.2
471.7 167.4
473.5 179.0
474.1 190.6
474.8 202.2
475.3 213.8
475.8 225.4
475.2 237.0
474.5 248.6
473.0 260.1
470.7 271.5
468.0 282.8
465.0 294.0
461.9 305.2
457.9 316.1
453.8 326.9
449.3 337.7
444.1 348.0
437.6 357.7
431.0 367.3
424.2 376.8
416.4 385.6
408.4 394.1
400.2 402.5
391.9 410.8
383.6 419.0
374.5 426.6
365.5 434.1
355.9 440.9
346.0 447.5
336.1 453.9
326.0 460.1
315.6 465.9
304.9 471.2
293.9 475.8
282.6 479.9
271.2 483.6
259.3 486.0
247.4 487.9
235.3 489.3
223.0 489.5
210.7 488.7
198.6 485.8
186.6 482.4
174.6 478.9
162.6 475.3
150.7 471.2
138.9 466.9
127.2 462.3
115.5 457.6
103.8 452.8
92.6 447.0
81.8 440.2
71.7 432.1
61.8 424.0
52.0 415.6
42.6 406.8
33.4 397.7
24.7 388.1
18.7 376.3
14.1 363.9
9.8 351.4
6.6 338.5
4.1 325.5
2.6 312.2
1.3 299.0
0.0 285.7
2.7 272.6
5.6 259.5
8.6 246.5
11.9 233.6
16.2 220.9
20.7 208.3
25.9 196.0
31.4 183.8
37.2 171.8
43.5 160.0
50.1 148.5
56.8 136.9
63.9 125.6
71.0 114.4
78.2 103.1
87.5 93.8
96.9 84.4
106.7 75.5
117.0 67.3
127.4 59.3
137.9 51.4
148.9 44.2
160.0 37.3
171.2 30.5
182.5 24.0
194.2 18.3
206.3 13.6
219.0 12.4
231.7 11.5
244.4 10.9
257.1 10.4
269.7 10.1
282.4 10.1
