129
261.9 35.5
272.5 38.0
282.9 41.3
293.2 44.7
303.4 48.5
313.5 52.8
323.5 57.2
333.4 61.8
343.3 66.6
352.9 71.9
362.4 77.3
371.9 82.8
381.2 88.8
390.4 94.9
399.0 101.8
407.6 108.7
415.7 116.2
423.7 124.0
431.4 131.9
439.0 140.0
446.5 148.2
453.9 156.5
460.3 165.7
466.7 174.9
472.9 184.2
478.8 193.6
484.7 203.2
489.9 213.1
493.7 223.7
497.3 234.4
499.2 245.6
499.7 256.9
500.0 268.3
497.9 279.5
494.7 290.5
491.2 301.3
487.6 312.2
482.3 322.3
476.5 332.2
470.6 342.0
464.6 351.7
458.3 361.3
451.6 370.5
444.8 379.7
437.9 388.8
430.8 397.8
423.0 406.2
414.7 414.0
406.3 421.7
397.5 428.9
387.7 434.8
377.9 440.5
367.8 445.8
357.3 450.1
346.7 453.9
336.0 457.6
325.1 460.8
314.1 463.3
303.0 465.2
291.8 466.8
280.7 467.9
269.4 468.8
258.3 468.3
247.1 467.7
235.9 467.0
225.0 464.8
214.1 462.5
203.6 459.0
193.4 454.7
183.4 450.2
173.3 445.7
163.4 440.9
153.6 435.8
143.9 430.7
134.6 424.9
125.3 419.0
116.7 412.4
108.1 405.6
99.7 398.6
91.9 391.0
84.2 383.3
77.1 375.2
70.3 366.7
63.6 358.2
57.3 349.5
51.2 340.5
45.4 331.4
39.8 322.2
35.7 312.3
31.6 302.4
28.0 292.3
24.6 282.2
21.6 272.0
19.1 261.6
17.8 251.0
16.9 240.4
17.0 229.8
17.3 219.2
18.2 208.7
19.4 198.1
20.9 187.7
22.5 177.2
24.8 166.9
27.4 156.6
31.6 147.0
36.5 137.6
43.7 129.9
50.9 122.1
58.4 114.7
66.3 107.7
74.7 101.3
83.3 95.1
92.1 89.2
101.2 83.8
110.4 78.4
119.6 73.2
129.0 68.2
138.5 63.5
148.2 59.1
157.8 54.6
167.5 50.3
177.4 46.3
187.6 43.3
198.0 40.8
208.5 38.8
219.0 36.8
229.7 35.8
240.4 35.0
251.2 34.8
