50
247.8 14.5
275.7 20.4
303.1 28.2
329.8 38.1
356.0 48.9
380.3 63.2
398.3 84.7
415.1 107.0
429.4 131.0
441.2 156.3
448.4 183.1
452.6 210.7
456.3 238.2
458.2 265.9
454.4 293.5
446.8 320.3
437.0 346.4
424.1 371.2
410.5 395.6
395.0 418.9
379.1 441.9
362.1 464.2
341.5 483.4
315.8 495.5
287.4 499.6
258.6 500.0
229.9 496.3
201.6 489.9
174.1 480.2
146.9 469.6
126.9 447.9
108.7 424.5
91.3 400.5
74.6 376.0
61.8 349.2
53.6 320.6
49.3 291.1
46.2 261.4
45.3 231.7
46.5 201.9
49.8 172.3
54.0 142.8
59.9 113.6
73.5 87.2
87.9 61.3
108.0 39.8
135.0 28.8
162.5 19.4
190.6 12.4
219.4 11.1
