69
319.6 33.2
339.3 36.9
358.9 41.2
378.2 47.0
397.1 54.4
414.5 65.3
429.4 79.8
443.4 95.3
457.2 111.1
470.2 127.5
481.2 145.6
491.0 164.4
500.0 183.7
495.4 204.9
490.3 226.0
484.0 246.8
476.5 267.2
466.0 286.2
453.7 304.1
440.8 321.6
427.4 338.6
413.7 355.5
399.7 372.1
383.9 386.8
367.1 400.4
350.1 413.6
333.0 426.8
315.6 439.5
297.5 451.1
278.5 461.0
258.5 468.1
237.6 471.0
216.7 471.4
195.9 470.0
175.2 468.0
154.7 465.2
135.4 458.4
116.4 451.1
97.9 442.7
83.3 429.1
70.5 414.1
59.5 397.8
49.8 380.8
41.2 363.3
33.7 345.4
27.6 327.1
25.3 308.0
23.7 288.9
25.1 269.8
29.2 251.2
35.0 233.1
43.2 215.9
52.4 199.3
63.3 183.6
74.6 168.3
86.5 153.4
99.7 139.6
113.6 126.4
127.9 113.7
142.3 101.1
156.8 88.6
173.6 79.0
190.4 69.6
207.6 60.9
225.3 53.0
243.3 45.8
261.5 39.0
280.5 34.3
299.8 30.9
