118
292.7 15.5
305.0 18.1
317.2 21.1
329.4 24.1
341.4 27.4
352.9 32.1
364.3 37.1
375.6 42.1
386.8 47.3
397.3 53.7
407.6 60.2
417.5 67.4
425.8 76.2
433.2 85.6
439.5 95.8
445.3 106.2
450.6 116.8
455.4 127.6
459.8 138.6
464.3 149.6
467.9 160.8
471.0 172.2
472.8 183.8
473.5 195.5
474.1 207.2
474.6 218.9
475.1 230.6
474.6 242.3
473.9 254.0
472.3 265.5
470.0 277.0
467.2 288.4
464.2 299.6
461.1 310.9
457.0 321.9
452.9 332.8
448.4 343.6
441.9 353.4
435.1 363.1
428.3 372.6
420.5 381.4
412.3 390.0
404.1 398.5
395.7 406.8
387.3 415.1
378.2 422.7
369.0 430.3
359.3 437.2
349.4 443.8
339.3 450.2
329.1 456.5
318.6 462.3
307.9 467.6
296.7 472.2
285.4 476.3
273.8 480.1
261.8 482.4
249.8 484.4
237.6 485.8
225.2 486.0
212.8 485.1
200.5 482.1
188.4 478.7
176.3 475.2
164.2 471.5
152.2 467.4
140.3 463.0
128.4 458.4
116.6 453.6
104.9 448.7
93.5 442.8
82.6 436.0
72.5 427.8
62.4 419.6
52.5 411.1
43.0 402.2
33.7 393.0
24.9 383.3
18.9 371.4
14.3 358.9
9.9 346.2
6.7 333.2
4.2 320.0
2.6 306.6
1.3 293.2
0.0 279.8
2.7 266.6
5.6 253.4
8.7 240.2
12.0 227.1
16.3 214.3
21.6 201.9
27.1 189.6
33.0 177.4
39.3 165.5
46.0 153.8
52.7 142.2
59.8 130.8
67.0 119.4
74.2 108.0
83.7 98.6
93.1 89.2
103.0 80.2
113.3 71.8
123.9 63.8
134.5 55.7
145.5 48.5
156.7 41.5
168.0 34.6
179.5 28.0
191.3 22.2
203.5 17.5
216.3 16.2
229.1 15.3
241.8 14.7
254.6 14.2
267.4 13.9
280.2 13.8
