189
263.9 33.9
270.9 34.6
278.0 35.4
285.0 36.4
292.1 37.4
299.1 38.9
306.0 40.5
312.9 42.6
319.8 44.8
326.7 47.1
333.5 49.6
340.2 52.4
346.9 55.2
353.5 58.3
360.1 61.5
366.6 64.9
373.1 68.3
379.6 71.9
386.0 75.5
392.3 79.2
398.4 83.5
404.4 88.0
410.3 92.5
416.0 97.5
421.6 102.5
427.2 107.6
432.8 112.6
438.1 118.1
443.4 123.6
448.6 129.1
453.5 135.0
458.3 141.0
462.6 147.5
466.8 154.0
470.8 160.6
474.1 167.8
477.3 175.0
480.4 182.3
483.0 189.8
485.5 197.4
487.9 205.0
490.2 212.7
492.2 220.5
494.0 228.3
495.6 236.2
496.8 244.2
498.0 252.3
498.8 260.4
499.5 268.5
500.0 276.6
500.0 284.8
499.9 293.1
498.1 301.2
495.3 309.1
492.3 317.0
489.3 324.8
485.6 332.4
481.8 340.0
477.8 347.4
473.6 354.8
469.2 362.0
463.8 368.6
458.3 375.1
452.7 381.5
446.7 387.6
440.7 393.6
434.7 399.6
428.7 405.6
422.5 411.5
416.1 417.1
409.3 422.2
402.5 427.3
395.5 432.1
388.5 436.9
381.1 441.2
373.8 445.4
366.3 449.4
358.5 452.6
350.6 455.8
342.7 458.7
334.7 461.4
326.6 463.7
318.5 465.8
310.3 467.8
302.1 469.3
293.8 470.5
285.6 471.5
277.3 472.1
269.0 472.6
260.7 473.0
252.4 473.3
244.1 473.5
235.9 473.5
227.6 473.3
219.4 472.8
211.2 472.2
203.0 471.6
194.8 470.9
186.8 469.4
178.8 467.8
170.9 466.0
163.1 464.0
155.3 461.8
147.5 459.7
139.7 457.3
132.2 454.6
124.7 451.7
117.6 448.2
110.9 444.1
105.2 438.9
99.6 433.6
94.0 428.3
88.5 423.0
83.3 417.5
78.5 411.6
73.8 405.7
69.2 399.7
64.7 393.6
60.5 387.4
56.8 380.9
53.2 374.4
49.7 367.9
46.3 361.3
43.4 354.5
40.4 347.8
37.5 341.1
35.4 334.1
33.3 327.1
31.6 320.1
30.3 313.0
29.3 305.9
28.6 298.8
28.0 291.7
27.6 284.6
27.4 277.5
27.8 270.5
28.3 263.5
28.8 256.5
29.4 249.5
30.1 242.5
31.0 235.5
32.0 228.6
33.2 221.7
34.5 214.8
35.7 208.0
37.4 201.2
39.3 194.5
41.3 187.9
43.6 181.4
46.1 174.9
48.8 168.6
51.6 162.3
54.5 156.0
57.5 149.8
60.8 143.8
64.4 137.9
68.0 132.2
71.9 126.5
76.2 121.2
80.7 116.0
85.3 111.0
90.0 106.0
94.7 101.0
99.9 96.6
105.3 92.4
110.6 88.2
116.2 84.2
121.8 80.3
127.4 76.4
133.1 72.6
138.9 69.0
144.9 65.6
151.0 62.5
157.2 59.5
163.4 56.6
169.7 53.9
176.0 51.1
182.4 48.7
188.9 46.5
195.5 44.4
202.1 42.3
208.8 40.5
215.4 38.6
222.2 37.3
229.1 36.0
236.0 35.1
242.9 34.4
249.9 33.7
256.8 33.3
