52
244.0 11.1
270.8 16.0
297.2 23.1
323.0 32.5
348.0 43.9
368.2 63.6
387.3 84.4
406.3 105.4
424.5 127.1
442.6 149.1
458.2 173.1
468.9 200.3
475.7 229.0
480.8 258.2
485.6 287.6
490.2 316.9
494.3 346.4
490.7 376.6
479.8 405.6
463.0 432.1
440.2 454.2
415.5 474.4
385.3 485.3
354.7 495.2
323.0 500.0
291.1 498.4
259.2 496.4
227.3 493.8
196.4 486.6
172.0 467.4
148.1 447.8
126.3 426.1
105.1 403.9
83.9 381.7
62.9 359.4
42.4 336.7
27.9 310.3
15.9 283.0
6.2 255.0
3.1 226.2
8.2 198.3
15.0 170.9
22.7 143.9
37.4 120.5
56.0 100.4
75.8 81.7
96.2 63.6
118.3 47.9
140.4 32.2
165.4 21.9
190.7 12.6
217.2 7.2
