135
258.9 33.3
269.0 35.7
279.0 38.9
288.9 42.1
298.8 45.7
308.5 49.8
318.1 53.8
327.7 58.1
337.3 62.4
346.8 67.0
356.0 72.1
365.1 77.3
374.3 82.6
383.2 88.2
392.0 94.1
400.2 100.7
408.5 107.4
416.3 114.6
423.9 122.0
431.4 129.7
438.6 137.5
445.9 145.3
452.9 153.4
459.0 162.2
465.1 171.0
471.1 179.9
476.8 189.1
482.3 198.2
487.3 207.8
490.9 218.0
494.3 228.3
497.6 238.7
499.4 249.4
499.8 260.4
500.0 271.3
499.0 282.3
496.9 293.1
493.6 303.6
490.2 314.1
486.7 324.6
481.4 334.3
475.7 343.8
469.9 353.2
464.0 362.6
457.8 371.8
451.3 380.7
444.5 389.6
437.7 398.3
430.8 406.9
423.2 415.0
415.0 422.5
406.7 429.9
398.1 436.9
388.6 442.5
378.9 448.0
369.1 453.0
358.9 457.1
348.4 460.8
338.0 464.3
327.3 467.3
316.6 469.7
305.7 471.4
294.8 473.0
283.9 474.0
272.9 474.7
262.0 474.1
251.1 473.5
240.2 472.8
229.5 470.5
218.9 468.3
208.6 464.8
198.6 460.6
188.8 456.2
178.9 451.7
169.2 447.0
159.7 442.0
150.2 436.9
141.0 431.3
131.9 425.5
123.0 419.6
114.5 413.0
106.1 406.4
97.9 399.6
90.2 392.1
82.7 384.6
75.7 376.6
69.0 368.4
62.5 360.0
56.2 351.5
50.3 342.7
44.6 333.9
39.0 324.9
35.0 315.2
30.9 305.5
27.3 295.7
24.0 285.8
20.9 275.8
18.5 265.6
16.1 255.5
14.8 245.2
13.8 234.8
13.8 224.5
14.0 214.1
14.8 203.8
15.9 193.6
17.2 183.3
18.7 173.1
20.8 163.0
23.3 153.0
27.3 143.6
32.0 134.5
38.8 126.8
45.7 119.3
53.0 112.1
60.5 105.1
68.6 98.9
76.8 92.8
85.3 87.0
94.0 81.7
102.8 76.4
111.7 71.3
120.7 66.4
129.8 61.7
139.1 57.4
148.4 53.0
157.7 48.7
167.2 44.8
177.0 41.8
187.0 39.3
197.1 37.3
207.3 35.3
217.5 34.3
227.8 33.4
238.2 33.0
248.5 32.8
