57
222.1 14.3
246.6 17.8
270.9 22.3
294.9 28.5
318.9 35.0
342.3 43.5
365.1 53.9
383.4 72.0
400.7 91.1
417.9 110.3
434.4 130.3
450.7 150.4
464.7 172.5
474.3 197.4
480.3 223.7
484.7 250.6
488.7 277.5
492.7 304.5
496.2 331.5
492.6 359.3
488.0 386.9
477.5 413.5
461.8 437.9
440.5 458.2
417.5 476.7
389.4 486.6
360.9 495.7
331.4 500.0
301.7 498.4
272.0 496.6
242.4 494.0
212.9 490.6
184.1 483.9
161.4 466.2
139.1 448.0
118.7 428.0
98.9 407.5
79.1 386.9
59.5 366.3
40.2 345.3
26.6 321.0
15.3 295.8
6.0 269.9
2.8 243.3
4.0 216.9
8.4 191.1
14.4 165.8
21.2 140.8
34.4 119.2
51.2 100.6
69.1 83.3
87.6 66.6
107.6 52.0
127.7 37.5
150.4 28.0
173.5 19.4
197.5 14.3
