138
250.9 27.0
260.9 29.1
270.8 32.1
280.7 35.1
290.4 38.5
300.0 42.3
309.6 46.1
319.1 50.2
328.6 54.3
338.0 58.6
347.1 63.5
356.2 68.5
365.2 73.6
374.1 79.0
382.8 84.7
391.0 91.1
399.1 97.5
406.9 104.5
414.5 111.6
422.0 118.8
429.4 126.2
436.6 133.8
443.7 141.4
450.7 149.3
456.8 157.8
462.8 166.4
468.6 175.1
474.2 184.0
479.7 193.0
484.7 202.3
488.1 212.3
491.5 222.4
494.8 232.5
497.8 242.6
499.5 253.2
499.9 263.9
500.0 274.6
498.9 285.3
496.8 295.9
494.6 306.5
491.4 316.8
487.8 327.0
484.3 337.3
478.9 346.8
473.2 356.0
467.4 365.3
461.4 374.4
455.2 383.4
448.6 392.1
441.8 400.7
434.9 409.2
427.9 417.6
420.3 425.4
412.1 432.7
403.8 439.9
395.1 446.6
385.5 452.0
375.8 457.3
366.0 462.1
355.7 466.0
345.2 469.5
334.7 472.8
324.1 475.6
313.2 477.7
302.3 479.3
291.4 480.6
280.4 481.4
269.4 481.9
258.5 481.1
247.5 480.3
236.6 479.4
225.9 476.9
215.2 474.5
204.9 470.8
194.9 466.4
185.0 461.8
175.1 457.1
165.3 452.2
155.8 447.0
146.2 441.7
137.0 435.9
127.9 429.9
118.9 423.8
110.4 417.1
101.9 410.3
93.7 403.2
86.0 395.6
78.4 387.9
71.3 379.7
64.6 371.3
58.0 362.8
51.7 354.0
45.7 345.1
39.9 336.0
34.4 326.9
30.3 317.0
26.2 307.1
22.5 297.1
19.1 287.0
16.0 276.8
13.5 266.5
11.1 256.2
9.7 245.7
8.6 235.2
8.5 224.6
8.7 214.1
9.5 203.6
10.5 193.2
11.7 182.8
13.2 172.4
15.2 162.1
17.6 151.9
21.5 142.3
26.1 133.0
32.9 125.2
39.7 117.4
46.9 110.0
54.3 102.9
62.3 96.4
70.5 90.2
78.9 84.2
87.5 78.7
96.2 73.2
105.0 67.9
113.9 62.8
123.0 58.0
132.2 53.4
141.4 48.8
150.6 44.3
160.0 40.2
169.8 37.0
179.7 34.4
189.7 32.1
199.7 30.0
209.9 28.7
220.1 27.7
230.4 27.0
240.6 26.6
