49
238.7 15.3
267.6 20.8
296.0 28.2
323.6 37.8
350.9 48.4
376.1 62.5
394.8 84.0
412.4 106.4
427.3 130.5
439.8 155.9
447.5 182.9
452.0 210.6
456.1 238.3
458.3 266.3
454.7 294.0
447.2 321.0
437.4 347.2
424.4 372.1
410.8 396.6
395.1 419.9
379.1 443.1
362.0 465.4
341.1 484.5
315.0 496.4
286.1 500.0
256.9 499.9
227.7 495.5
198.9 488.4
170.9 477.9
143.3 466.5
123.0 443.6
104.7 419.0
87.1 393.9
70.2 368.2
57.4 340.1
49.2 310.2
45.1 279.4
42.2 248.4
41.5 217.2
43.1 186.1
46.8 155.2
51.3 124.4
57.7 93.9
72.8 66.7
93.7 44.0
121.7 32.2
150.2 22.0
179.4 14.2
209.2 12.3
