124
282.4 10.6
294.5 11.4
306.6 13.2
318.4 15.8
330.1 18.9
341.7 21.9
353.3 25.3
364.4 29.9
375.2 34.9
386.1 39.9
396.9 45.1
406.9 51.4
416.8 57.9
426.3 65.0
434.2 73.6
441.3 82.9
447.3 92.8
452.8 103.0
457.9 113.4
462.4 124.1
466.6 134.8
470.8 145.6
474.2 156.6
477.1 167.7
478.8 179.1
479.3 190.6
479.8 202.0
480.3 213.5
480.6 225.0
480.0 236.4
479.3 247.8
477.7 259.2
475.3 270.4
472.6 281.5
469.6 292.6
466.5 303.7
462.4 314.4
458.3 325.1
453.9 335.7
448.7 346.0
442.3 355.6
435.7 365.0
429.0 374.5
421.4 383.1
413.4 391.5
405.4 399.9
397.2 408.1
388.9 416.3
380.0 423.8
371.1 431.2
361.6 438.0
351.9 444.6
342.1 451.0
332.1 457.1
321.9 462.9
311.4 468.2
300.6 472.8
289.7 477.4
278.6 481.5
267.4 485.3
255.7 487.7
243.9 489.7
232.1 491.2
220.0 491.6
207.9 490.9
196.0 488.2
184.2 485.0
172.4 481.7
160.6 478.3
148.9 474.5
137.3 470.4
125.7 466.1
114.2 461.6
102.8 457.1
91.7 451.5
81.1 445.0
71.2 437.3
61.4 429.5
51.8 421.4
42.5 412.9
33.4 404.2
24.8 394.9
18.9 383.6
14.4 371.6
10.0 359.6
6.8 347.1
4.3 334.5
2.7 321.7
1.3 308.9
0.0 296.1
0.1 283.2
2.6 270.6
5.3 257.9
8.2 245.4
11.3 232.8
15.4 220.6
19.7 208.5
24.7 196.6
30.0 184.8
35.6 173.2
41.6 161.9
48.0 150.7
54.4 139.6
61.2 128.7
68.1 117.9
74.9 107.0
84.0 98.0
93.0 89.1
102.5 80.5
112.3 72.5
122.3 64.6
132.4 57.0
142.5 49.4
153.1 42.5
163.9 35.8
174.7 29.4
185.7 23.1
197.0 17.7
208.7 13.3
221.0 12.2
233.3 11.5
245.6 11.0
257.8 10.6
270.1 10.5
