48
239.9 25.1
267.7 30.5
294.9 37.8
321.4 47.2
347.5 57.5
371.6 71.4
389.4 92.4
406.0 114.4
420.0 138.0
431.6 162.8
438.6 189.3
442.4 216.4
445.8 243.6
447.4 271.0
443.2 298.1
435.3 324.6
425.1 350.3
411.8 374.6
397.9 398.7
381.9 421.5
365.6 444.2
348.2 466.1
327.1 484.8
301.0 496.5
272.1 500.0
242.9 495.7
214.1 488.7
186.1 478.5
158.4 467.2
138.0 444.8
119.4 420.8
101.5 396.1
84.5 370.9
71.3 343.4
62.7 314.1
58.0 283.9
54.6 253.5
53.4 223.0
54.3 192.5
57.3 162.2
61.2 132.0
66.8 102.1
81.0 75.5
100.9 53.2
127.7 41.7
155.1 31.7
183.0 24.0
211.6 22.2
