60
224.7 26.5
246.9 29.9
268.7 35.0
290.6 40.2
312.3 45.6
333.6 52.9
354.4 61.8
372.8 75.2
389.2 91.3
404.8 108.3
420.3 125.5
435.2 143.4
449.8 161.4
462.4 181.2
470.7 203.7
475.7 227.6
479.3 251.8
482.5 276.2
485.7 300.6
488.4 325.1
484.5 350.2
479.6 375.3
471.2 399.8
460.9 423.9
445.7 445.9
425.2 464.0
403.2 480.5
376.4 489.0
349.3 496.7
321.2 500.0
292.9 497.8
264.7 495.3
236.5 492.1
208.4 488.2
181.0 481.2
159.2 463.9
137.8 446.2
118.2 426.7
99.2 406.8
80.1 386.9
61.3 366.9
42.8 346.5
29.5 323.1
18.4 298.8
9.2 273.9
5.6 248.3
6.2 222.9
9.8 198.1
14.7 173.7
20.6 149.7
32.3 128.7
47.4 110.6
63.6 93.7
80.3 77.4
98.4 63.0
116.6 48.7
137.2 39.0
158.2 30.2
180.0 24.7
202.5 23.9
