161
210.7 8.0
219.8 8.4
228.9 9.1
237.9 9.9
246.9 10.7
255.9 11.8
264.7 13.3
273.6 14.9
282.2 17.2
290.7 19.6
299.0 22.8
306.9 26.4
314.8 30.3
322.5 34.4
330.1 38.7
337.4 43.4
344.7 48.1
351.9 52.9
359.0 57.9
365.9 63.1
372.9 68.2
379.7 73.5
386.5 78.9
393.2 84.3
399.8 89.8
406.3 95.4
412.5 101.3
418.2 107.7
423.8 114.2
429.1 120.9
433.8 127.9
438.4 135.1
442.7 142.4
446.9 149.8
451.1 157.2
454.6 164.9
458.0 172.6
461.2 180.4
464.1 188.4
466.8 196.4
468.9 204.6
470.8 212.8
472.5 221.1
474.2 229.4
475.4 237.8
476.2 246.2
477.0 254.7
476.7 263.2
476.1 271.7
475.3 280.1
473.9 288.6
472.5 297.0
471.0 305.4
469.5 313.8
467.7 322.2
465.5 330.5
463.2 338.8
460.8 347.1
458.3 355.3
455.7 363.5
452.8 371.6
449.2 379.5
445.1 387.2
440.7 394.8
436.3 402.3
431.0 409.4
425.6 416.4
420.2 423.3
413.8 429.6
407.2 435.7
400.1 441.3
392.8 446.6
385.0 451.5
377.3 456.4
369.3 460.9
361.1 465.2
352.5 468.8
344.0 472.4
335.3 475.8
326.4 478.7
317.4 481.6
308.5 484.4
299.5 487.2
290.5 489.9
281.4 492.3
272.0 493.9
262.6 495.5
253.2 497.0
243.6 498.1
234.1 499.0
224.4 499.0
214.6 498.1
204.9 496.7
195.2 494.8
185.5 492.8
175.8 490.8
166.4 487.3
157.0 483.5
147.8 479.4
138.8 474.9
130.0 469.7
121.2 464.6
112.6 459.1
104.5 452.8
96.4 446.4
88.5 439.8
80.7 433.2
73.9 425.3
67.1 417.5
60.4 409.5
54.8 400.7
49.7 391.6
44.8 382.3
39.9 373.1
35.2 363.8
30.9 354.2
27.1 344.5
23.4 334.6
20.1 324.7
16.9 314.7
13.9 304.7
10.9 294.6
8.4 284.4
5.9 274.2
3.7 264.0
2.0 253.7
0.7 243.3
0.0 232.8
0.0 222.4
1.3 212.1
2.8 201.8
4.8 191.7
7.4 181.7
10.4 171.8
13.7 162.1
17.9 152.8
23.0 143.9
28.1 135.2
33.5 126.7
39.0 118.2
44.5 109.7
50.1 101.3
56.6 93.8
63.2 86.3
70.0 78.9
76.9 71.8
84.1 65.1
91.4 58.5
98.8 51.9
106.2 45.4
113.9 39.4
121.7 33.4
130.0 28.5
138.6 24.2
147.3 20.1
156.1 16.4
165.1 13.7
174.2 11.3
183.3 9.1
192.5 8.1
201.6 8.0
