125
282.9 8.8
295.1 9.7
307.1 11.5
318.9 14.3
330.6 17.4
342.3 20.5
353.9 23.9
365.0 28.6
375.8 33.7
386.7 38.8
397.5 44.0
407.5 50.4
417.4 56.9
426.9 64.1
434.8 72.7
442.0 82.0
448.0 92.0
453.5 102.3
458.6 112.7
463.2 123.4
467.4 134.2
471.6 145.0
475.1 156.0
478.1 167.2
479.8 178.6
480.3 190.1
480.9 201.6
481.4 213.1
481.8 224.6
481.3 236.1
480.6 247.6
479.0 259.0
476.8 270.2
474.1 281.4
471.1 292.5
468.1 303.6
464.1 314.3
460.1 325.1
455.8 335.7
450.6 346.0
444.3 355.7
437.8 365.2
431.2 374.6
423.6 383.3
415.7 391.8
407.8 400.2
399.7 408.5
391.5 416.7
382.7 424.2
373.9 431.8
364.5 438.6
354.9 445.2
345.2 451.7
335.3 457.9
325.2 463.7
314.8 469.1
304.0 473.8
293.3 478.4
282.3 482.6
271.2 486.5
259.6 488.9
247.9 491.0
236.2 492.6
224.2 493.1
212.2 492.5
200.4 489.8
188.7 486.8
177.0 483.6
165.3 480.3
153.7 476.5
142.2 472.6
130.8 468.4
119.4 464.0
108.1 459.6
97.1 454.1
86.5 447.7
76.8 440.1
67.0 432.5
57.5 424.5
48.3 416.2
39.3 407.5
30.9 398.4
24.3 387.7
18.5 376.5
14.0 364.7
9.7 352.7
6.6 340.4
4.1 328.0
2.6 315.3
1.3 302.7
0.0 290.0
0.2 277.2
2.7 264.7
5.5 252.3
8.4 239.8
11.6 227.5
15.7 215.4
20.0 203.3
25.0 191.6
30.3 180.0
35.9 168.6
42.0 157.3
48.4 146.3
54.8 135.3
61.7 124.6
68.5 113.9
75.4 103.2
84.5 94.3
93.6 85.4
103.0 77.0
112.9 69.1
122.8 61.4
133.0 53.8
143.1 46.3
153.7 39.6
164.5 33.1
175.3 26.7
186.3 20.6
197.6 15.3
209.3 11.0
221.6 9.9
233.9 9.3
246.1 8.9
258.4 8.7
270.7 8.6
