72
317.9 26.0
337.6 29.7
357.3 33.9
376.6 39.6
395.6 46.8
413.0 57.5
428.1 71.7
442.3 86.8
456.2 102.2
469.4 118.3
480.6 136.0
490.7 154.4
500.0 173.2
496.0 193.9
491.9 214.6
487.5 235.2
481.8 255.5
475.0 275.5
465.2 294.1
453.8 311.6
441.7 328.6
429.1 345.3
416.2 361.7
403.1 378.0
388.2 392.4
372.4 405.6
356.2 418.6
340.1 431.4
323.6 443.9
306.4 455.2
288.4 464.9
269.3 471.9
249.5 474.7
229.6 475.2
209.8 473.8
190.2 471.9
170.6 469.2
152.3 462.6
134.2 455.5
116.7 447.3
100.1 437.5
85.9 424.8
72.2 411.6
60.2 396.9
49.9 381.1
41.0 364.5
33.1 347.5
26.3 330.1
20.8 312.2
19.1 293.6
18.1 274.9
20.0 256.4
24.4 238.2
30.6 220.6
39.1 203.8
48.6 187.6
59.7 172.4
71.3 157.5
83.4 142.9
96.8 129.5
110.8 116.6
125.3 104.3
139.9 92.0
154.5 79.9
171.4 70.5
188.3 61.4
205.6 52.9
223.4 45.2
241.5 38.2
259.7 31.6
278.7 27.0
298.1 23.8
