190
266.7 34.7
273.7 35.3
280.7 36.1
287.7 37.2
294.6 38.2
301.6 39.7
308.5 41.4
315.3 43.5
322.1 45.6
328.9 47.9
335.6 50.4
342.3 53.2
348.9 56.1
355.5 59.2
362.0 62.3
368.4 65.7
374.8 69.2
381.2 72.7
387.6 76.3
393.9 80.0
399.9 84.4
405.8 88.8
411.7 93.4
417.3 98.3
422.8 103.3
428.4 108.4
433.9 113.4
439.1 118.9
444.3 124.3
449.5 129.9
454.3 135.7
459.0 141.7
463.3 148.2
467.5 154.7
471.5 161.3
474.7 168.5
477.8 175.7
480.9 182.9
483.5 190.4
485.9 198.0
488.2 205.6
490.5 213.2
492.5 220.9
494.2 228.8
495.8 236.6
497.0 244.6
498.1 252.6
498.9 260.7
499.6 268.8
500.0 276.9
499.9 285.1
499.9 293.3
498.0 301.4
495.2 309.3
492.2 317.1
489.2 325.0
485.5 332.5
481.6 340.0
477.7 347.5
473.4 354.8
469.0 362.0
463.6 368.6
458.1 375.0
452.5 381.4
446.6 387.5
440.6 393.5
434.6 399.5
428.5 405.5
422.4 411.3
416.0 416.9
409.2 422.0
402.4 427.1
395.4 431.9
388.4 436.7
381.0 441.0
373.7 445.2
366.2 449.2
358.4 452.4
350.6 455.6
342.7 458.5
334.7 461.2
326.6 463.5
318.5 465.6
310.4 467.6
302.2 469.1
293.9 470.3
285.7 471.4
277.4 472.0
269.1 472.5
260.8 472.9
252.6 473.2
244.3 473.5
236.0 473.4
227.8 473.2
219.6 472.8
211.4 472.2
203.2 471.7
195.1 471.0
187.1 469.5
179.1 467.9
171.2 466.2
163.4 464.1
155.6 462.0
147.8 459.9
140.1 457.6
132.6 454.9
125.1 452.0
118.0 448.6
111.3 444.5
105.6 439.4
100.0 434.1
94.5 428.9
88.9 423.7
83.7 418.1
78.9 412.3
74.2 406.4
69.6 400.5
65.1 394.5
60.8 388.3
57.2 381.9
53.6 375.5
50.1 369.0
46.7 362.4
43.7 355.8
40.8 349.1
37.8 342.4
35.7 335.5
33.5 328.6
31.8 321.6
30.5 314.6
29.5 307.6
28.7 300.5
28.1 293.5
27.7 286.4
27.5 279.4
27.8 272.4
28.3 265.5
28.8 258.5
29.3 251.5
30.1 244.6
30.9 237.7
31.9 230.9
33.1 224.0
34.3 217.2
35.5 210.4
37.1 203.7
39.0 197.1
40.9 190.5
43.2 184.0
45.7 177.7
48.3 171.3
51.1 165.1
53.9 158.9
56.8 152.8
60.1 146.8
63.6 141.0
67.2 135.2
71.0 129.6
75.3 124.4
79.7 119.3
84.3 114.3
88.9 109.3
93.5 104.4
98.7 100.1
104.0 95.9
109.3 91.7
114.8 87.8
120.3 83.9
125.9 80.0
131.5 76.3
137.3 72.7
143.1 69.2
148.9 65.8
155.0 62.8
161.1 59.8
167.3 56.9
173.5 54.2
179.7 51.5
186.1 49.1
192.6 46.9
199.1 44.9
205.6 42.9
212.2 41.0
218.8 39.2
225.5 37.9
232.3 36.6
239.1 35.8
246.0 35.1
252.9 34.5
259.8 34.0
