108
217.5 0.6
233.2 1.5
248.8 2.4
264.4 4.3
279.7 7.8
292.3 16.4
304.7 25.1
316.8 34.2
329.0 43.3
339.2 54.0
348.8 65.0
358.4 76.1
367.8 87.2
377.0 98.5
385.6 110.1
393.8 121.9
401.5 133.9
407.5 146.3
413.0 158.9
418.4 171.6
422.2 184.3
425.8 197.1
428.7 209.9
430.8 222.6
432.5 235.3
433.0 247.8
433.2 260.2
433.2 272.5
432.1 284.5
431.0 296.5
429.5 308.3
427.3 319.8
424.6 331.1
421.7 342.2
418.8 353.3
412.3 361.3
405.7 369.2
399.2 377.1
392.6 385.0
384.9 391.2
377.2 397.3
369.5 403.3
361.5 408.7
353.3 414.0
345.0 418.6
336.5 422.8
327.9 426.6
319.2 430.3
310.5 433.8
301.7 436.6
292.7 438.9
283.7 440.6
274.7 441.7
265.6 442.3
256.5 442.9
247.4 443.3
238.5 441.8
229.8 439.1
221.2 436.0
212.7 432.7
204.3 429.0
196.1 424.8
188.3 419.7
180.5 414.5
173.0 408.9
165.6 403.1
158.8 396.4
152.1 389.5
145.6 382.3
139.1 375.2
132.7 367.9
126.3 360.6
120.0 353.1
114.2 345.2
108.6 337.0
103.8 328.1
99.1 319.0
94.7 309.7
90.7 300.1
87.2 290.2
84.1 280.0
81.2 269.7
78.4 259.3
76.1 248.7
74.0 237.9
72.0 227.2
70.2 216.3
68.6 205.4
67.2 194.3
66.0 183.2
66.0 171.7
67.8 159.8
71.0 147.9
74.3 135.9
78.4 124.0
82.7 112.0
87.2 100.1
92.9 88.4
101.0 77.4
109.4 66.6
118.0 55.8
127.2 45.3
137.5 35.5
148.8 26.5
160.9 18.2
173.1 10.1
187.2 4.5
201.9 0.0
