142
273.7 7.1
284.7 8.1
295.6 9.7
306.2 12.0
316.7 15.0
327.0 18.6
337.2 22.3
347.4 26.0
357.0 30.8
366.3 36.2
375.3 42.1
384.1 48.1
392.4 54.8
400.4 61.7
408.5 68.6
416.2 75.9
423.2 83.7
430.0 91.8
436.7 99.9
443.2 108.1
449.5 116.5
454.9 125.4
459.5 134.7
463.9 144.1
468.0 153.6
472.0 163.2
474.6 173.1
476.8 183.1
478.5 193.2
480.1 203.3
480.8 213.5
481.4 223.6
481.8 233.8
482.0 244.0
481.9 254.1
481.7 264.3
481.3 274.4
480.8 284.5
480.1 294.6
479.3 304.7
477.6 314.7
474.5 324.3
470.9 333.7
467.3 343.1
463.6 352.4
459.5 361.6
455.0 370.5
450.2 379.4
445.2 388.1
438.8 395.8
431.3 402.5
423.7 409.1
415.9 415.4
408.0 421.6
399.8 427.5
391.4 433.0
383.0 438.6
374.3 443.6
365.3 448.3
356.1 452.4
346.7 456.1
337.2 459.7
327.6 463.0
318.0 466.3
308.3 469.3
298.5 472.0
288.5 473.6
278.3 474.8
268.1 475.7
257.9 476.4
247.6 476.6
237.4 476.6
227.1 476.4
216.8 476.1
206.5 475.5
196.2 474.8
186.0 473.6
175.7 472.4
165.4 471.0
155.2 469.5
145.2 466.6
135.3 463.2
125.5 459.5
115.7 455.7
106.8 450.0
98.1 443.8
89.6 437.4
81.2 430.9
72.7 424.4
64.8 417.1
57.2 409.6
50.5 401.1
43.9 392.5
37.5 383.7
31.8 374.4
26.1 365.1
21.2 355.4
16.5 345.4
12.1 335.4
8.0 325.2
4.9 314.6
2.3 303.8
1.0 292.7
0.5 281.6
0.0 270.4
0.2 259.2
0.8 248.1
2.1 236.9
4.1 225.8
6.7 214.9
9.6 204.0
12.8 193.2
16.1 182.4
20.4 171.9
25.0 161.6
29.8 151.4
34.7 141.2
40.7 131.5
46.9 122.1
53.5 112.9
60.7 104.1
68.1 95.6
75.5 87.0
83.3 78.8
91.1 70.6
99.0 62.5
107.0 54.5
115.4 46.9
123.8 39.3
133.4 33.4
143.8 29.2
154.2 25.0
164.6 20.9
175.1 16.8
185.7 13.1
196.5 10.3
207.5 8.3
218.5 7.1
229.6 6.7
240.6 6.5
251.7 6.2
262.8 6.1
