159
215.1 7.2
224.2 7.6
233.4 8.2
242.4 9.0
251.5 9.9
260.5 11.0
269.4 12.5
278.1 14.8
286.7 17.3
295.0 20.5
303.0 24.2
310.9 28.1
318.7 32.2
326.3 36.5
333.7 41.2
341.0 46.0
348.3 50.8
355.4 55.9
362.4 61.0
369.4 66.2
376.2 71.6
383.0 77.0
389.8 82.4
396.5 87.9
403.0 93.6
409.3 99.5
415.0 106.0
420.6 112.5
425.9 119.3
430.7 126.3
435.4 133.5
439.6 140.9
443.8 148.3
448.1 155.8
451.6 163.5
455.1 171.3
458.3 179.2
461.2 187.2
463.9 195.3
466.0 203.5
467.9 211.8
469.6 220.2
471.3 228.5
472.5 237.0
473.3 245.5
474.1 254.0
473.9 262.5
473.2 271.1
472.4 279.6
471.0 288.1
469.6 296.6
468.1 305.1
466.5 313.5
464.7 322.0
462.5 330.3
460.2 338.7
457.8 347.0
455.2 355.3
452.6 363.5
449.7 371.7
446.1 379.7
441.9 387.4
437.5 395.1
433.0 402.6
427.7 409.7
422.3 416.8
416.8 423.8
410.3 430.1
403.7 436.2
396.5 441.9
389.1 447.3
381.3 452.2
373.5 457.1
365.5 461.7
357.2 465.9
348.6 469.6
339.9 473.2
331.2 476.6
322.2 479.5
313.2 482.4
304.2 485.3
295.1 488.1
286.1 490.9
276.9 493.2
267.4 494.8
257.9 496.4
248.4 498.0
238.8 499.1
229.2 500.0
219.4 500.0
209.6 499.1
199.8 497.6
190.0 495.7
180.2 493.6
170.8 490.0
161.4 486.3
152.1 482.1
142.9 477.5
134.1 472.4
125.2 467.2
116.6 461.6
108.4 455.3
100.3 448.9
92.3 442.2
84.4 435.5
77.5 427.6
70.7 419.7
64.0 411.7
58.3 402.8
53.1 393.6
48.2 384.3
43.3 375.0
38.5 365.6
34.1 356.0
30.3 346.1
26.6 336.3
23.3 326.2
20.1 316.2
17.1 306.0
14.1 295.9
11.5 285.7
9.0 275.4
6.8 265.1
5.1 254.7
3.7 244.2
3.0 233.7
3.0 223.2
4.3 212.8
5.8 202.4
7.9 192.2
10.5 182.1
13.4 172.2
16.8 162.4
21.0 153.0
26.1 144.1
31.3 135.3
36.7 126.7
42.2 118.2
47.7 109.6
53.4 101.2
60.0 93.6
66.6 86.0
73.4 78.6
80.3 71.5
87.7 64.7
95.0 58.0
102.4 51.4
109.9 44.8
117.6 38.8
125.5 32.8
133.9 27.8
142.5 23.5
151.2 19.3
160.1 15.6
169.1 12.9
178.3 10.5
187.4 8.2
196.7 7.2
205.9 7.1
