199
247.3 20.3
255.1 20.4
262.9 20.6
270.8 21.0
278.6 21.5
286.4 22.1
294.2 22.6
302.0 23.7
309.7 25.0
317.3 26.6
325.0 28.4
332.5 30.2
340.0 32.7
347.3 35.2
354.6 38.1
361.6 41.5
368.4 45.1
375.0 49.3
381.4 53.6
387.8 58.0
394.0 62.6
400.3 67.2
406.3 72.0
412.2 76.9
418.0 82.0
423.2 87.7
428.3 93.5
433.2 99.4
437.6 105.6
441.9 112.0
445.6 118.6
449.4 125.3
453.0 131.9
456.6 138.7
460.1 145.5
463.5 152.3
466.9 159.1
470.2 165.9
473.2 172.9
475.8 180.0
478.0 187.2
480.0 194.5
482.0 201.8
484.0 209.1
485.9 216.4
487.3 223.7
488.7 231.2
489.6 238.6
490.3 246.1
490.8 253.5
491.2 261.0
491.6 268.5
491.9 276.0
491.9 283.4
491.4 290.8
490.5 298.2
489.5 305.6
487.8 312.8
486.0 320.0
483.5 326.9
480.8 333.7
477.5 340.3
474.1 346.8
470.5 353.2
466.9 359.6
463.2 365.9
459.4 372.1
455.2 378.1
450.7 383.9
446.2 389.6
441.5 395.2
436.8 400.8
432.0 406.2
427.1 411.6
422.1 416.9
417.1 422.2
411.7 427.1
406.3 431.9
400.8 436.7
395.3 441.4
389.7 446.1
384.0 450.6
378.3 455.0
372.4 459.2
366.3 463.1
359.9 466.5
353.4 469.7
346.4 471.6
339.4 473.3
332.3 474.7
325.2 476.0
318.0 476.6
310.8 477.2
303.6 477.2
296.3 477.0
289.1 476.6
281.9 476.0
274.7 475.4
267.5 474.6
260.3 473.8
253.1 473.0
245.9 472.1
238.7 471.2
231.5 470.2
224.4 469.2
217.2 468.2
210.0 467.1
202.9 466.0
195.8 464.3
188.8 462.3
181.9 460.3
174.9 458.2
168.0 455.8
161.4 452.9
154.8 449.8
148.2 446.6
141.7 443.4
135.6 439.3
129.5 435.3
123.4 431.3
117.3 427.2
111.3 423.0
105.3 418.9
99.2 414.7
93.2 410.5
87.5 406.0
81.9 401.2
76.8 395.9
71.8 390.5
66.8 385.0
62.4 379.1
58.2 373.0
54.0 366.9
49.9 360.7
46.1 354.4
42.2 348.0
38.4 341.6
34.6 335.3
30.8 328.9
27.4 322.3
24.2 315.5
21.6 308.5
19.1 301.4
16.6 294.3
14.2 287.3
12.3 280.0
10.4 272.7
8.6 265.4
6.8 258.1
5.2 250.8
4.0 243.3
2.9 235.9
1.8 228.4
0.8 220.9
0.0 213.4
0.0 205.8
0.1 198.2
0.5 190.6
1.3 183.0
3.1 175.6
4.9 168.1
7.0 160.8
9.4 153.4
11.9 146.2
14.9 139.1
18.3 132.1
22.6 125.7
27.1 119.3
31.8 113.2
36.5 107.0
42.1 101.6
47.7 96.2
53.4 90.9
59.2 85.7
65.2 80.6
71.4 75.8
77.6 71.1
84.0 66.6
90.5 62.3
97.2 58.2
104.1 54.5
110.9 50.7
118.0 47.3
125.1 43.9
132.3 41.0
139.6 38.1
147.1 35.6
154.5 33.1
162.0 30.9
169.6 29.0
177.3 27.1
184.9 25.2
192.6 23.8
200.3 22.4
208.1 21.5
215.9 21.0
223.8 20.6
231.6 20.4
239.4 20.3
