173
269.7 1.4
278.7 3.5
287.6 5.7
296.5 8.2
305.3 10.9
313.9 14.2
322.5 17.6
331.0 21.1
339.3 25.0
347.6 29.0
355.8 33.3
363.8 37.8
371.7 42.5
379.6 47.3
387.4 52.1
395.1 57.2
402.7 62.3
409.7 68.3
416.3 74.6
422.6 81.3
428.8 88.0
434.8 95.0
440.5 102.0
446.3 109.1
452.1 116.3
457.5 123.6
462.7 131.1
467.4 138.9
472.1 146.7
476.1 154.9
479.6 163.3
482.6 171.8
485.5 180.4
487.8 189.1
489.8 197.9
491.4 206.8
493.1 215.6
493.9 224.6
494.6 233.5
494.6 242.4
493.4 251.3
491.8 260.0
490.0 268.7
488.2 277.4
486.2 286.0
484.2 294.6
482.1 303.2
480.0 311.8
477.7 320.4
475.0 328.8
472.2 337.2
469.2 345.4
465.9 353.6
462.7 361.8
459.3 369.9
455.6 377.9
451.4 385.6
447.3 393.3
442.1 400.4
437.0 407.4
431.5 414.1
425.6 420.5
419.4 426.5
413.0 432.4
406.6 438.1
399.9 443.7
392.8 448.5
385.4 452.8
377.9 457.0
370.3 461.0
362.6 464.8
354.8 468.4
346.8 471.3
338.7 474.1
330.6 476.7
322.4 479.2
314.2 481.6
306.0 484.0
297.8 486.2
289.5 488.1
281.2 490.0
272.8 491.6
264.4 492.5
255.9 492.8
247.4 492.5
238.9 491.9
230.5 491.3
222.0 490.5
213.6 489.5
205.2 488.3
196.8 487.2
188.4 485.7
180.3 483.5
172.2 480.9
164.3 477.8
156.8 473.9
149.3 469.9
141.9 465.8
134.6 461.4
127.5 456.8
120.5 451.9
113.8 446.8
107.8 440.7
102.4 434.1
97.1 427.4
91.9 420.6
86.8 413.7
81.8 406.9
76.9 399.8
72.0 392.8
67.2 385.7
62.4 378.7
57.6 371.5
53.1 364.3
48.8 356.9
44.6 349.4
40.8 341.7
36.9 334.0
33.5 326.1
30.2 318.2
27.0 310.2
24.0 302.1
21.2 293.9
19.0 285.6
17.3 277.1
15.9 268.5
15.1 259.9
14.5 251.2
13.9 242.5
13.7 233.8
13.8 225.0
14.5 216.3
15.2 207.6
16.3 198.9
17.4 190.2
18.8 181.5
20.3 172.8
21.8 164.2
24.0 155.6
26.3 147.1
29.0 138.7
32.3 130.4
35.6 122.2
39.4 114.2
43.5 106.3
47.8 98.4
52.4 90.8
57.1 83.2
61.9 75.7
67.9 69.0
74.1 62.4
81.0 56.6
88.0 50.9
95.6 45.9
103.3 41.1
111.1 36.4
118.9 31.8
127.0 27.6
135.5 24.2
144.0 20.9
152.6 17.8
161.2 14.7
170.0 12.3
178.8 9.8
187.7 7.7
196.7 6.0
205.8 4.4
214.8 2.9
223.9 1.6
233.1 0.7
242.2 0.4
251.4 0.1
260.6 0.0
