82
312.5 23.7
330.7 25.5
348.9 28.5
367.0 32.0
384.8 36.9
402.3 43.1
418.4 52.4
432.5 64.8
445.7 78.1
458.7 91.6
471.1 105.7
481.6 121.2
491.1 137.4
500.0 154.0
499.2 172.5
496.2 190.8
493.1 209.0
489.7 227.2
485.1 245.1
479.6 262.7
471.4 279.0
463.0 295.2
453.3 310.6
443.1 325.6
432.4 340.2
421.5 354.7
410.3 368.9
398.9 382.8
386.1 395.5
372.5 407.1
358.6 418.4
344.7 429.6
330.6 440.5
315.8 450.4
300.3 458.8
284.6 466.8
268.1 472.8
250.9 475.1
233.7 475.3
216.6 473.8
199.6 471.9
182.6 470.0
165.7 467.3
149.0 463.9
133.2 457.8
117.6 451.2
102.5 443.7
88.2 434.7
76.1 423.1
64.4 411.0
54.3 397.7
45.7 383.3
38.2 368.3
31.7 352.9
26.2 337.0
21.9 320.8
18.1 304.4
15.9 287.7
14.9 270.9
14.5 254.0
16.8 237.2
21.3 220.8
27.3 204.7
35.5 189.5
44.5 174.8
55.0 161.0
65.9 147.4
77.3 134.2
89.8 121.9
102.9 110.2
116.4 99.0
129.9 87.7
143.6 76.6
159.2 68.1
174.9 59.7
190.9 51.8
207.3 44.7
224.0 38.2
240.8 32.1
258.3 27.7
276.2 24.6
294.2 22.3
