83
302.0 29.0
319.6 30.7
337.2 33.6
354.7 37.0
372.0 41.6
389.2 46.3
406.1 52.4
421.7 61.4
435.2 73.5
447.9 86.5
460.4 99.6
472.3 113.4
482.4 128.5
491.5 144.3
500.0 160.4
499.0 178.5
495.8 196.3
492.6 214.1
489.0 231.9
484.4 249.3
478.8 266.5
470.6 282.4
462.1 298.2
452.5 313.2
442.2 327.8
431.5 342.1
420.6 356.1
409.5 370.0
398.1 383.6
385.4 395.9
371.8 407.2
358.1 418.2
344.3 429.1
330.2 439.8
315.6 449.3
300.1 457.5
284.5 465.3
268.2 471.2
251.2 473.3
234.1 473.4
217.2 471.9
200.3 470.0
183.5 468.1
166.8 465.4
150.2 462.0
134.5 456.0
119.0 449.5
104.0 442.0
89.9 433.2
77.8 421.8
66.2 409.9
56.0 396.8
47.4 382.7
39.9 367.9
33.3 352.8
27.7 337.2
23.3 321.3
19.3 305.2
17.0 288.8
15.8 272.3
15.2 255.7
17.2 239.2
21.4 223.0
27.1 207.3
34.9 192.4
43.6 177.9
53.6 164.3
64.1 151.0
74.9 137.9
87.0 125.9
99.6 114.4
112.6 103.3
125.6 92.3
138.8 81.3
153.8 72.9
169.0 64.6
184.4 56.9
200.3 49.9
216.4 43.5
232.7 37.4
249.6 33.1
266.9 30.0
284.3 27.7
