160
211.2 9.4
220.2 9.8
229.2 10.4
238.2 11.2
247.1 12.0
256.1 13.1
264.9 14.6
273.7 16.1
282.2 18.5
290.7 20.9
298.9 24.0
306.8 27.7
314.6 31.6
322.3 35.6
329.8 39.9
337.1 44.6
344.3 49.3
351.5 54.1
358.5 59.1
365.4 64.3
372.3 69.4
379.1 74.7
385.8 80.1
392.5 85.5
399.0 91.0
405.5 96.6
411.7 102.5
417.3 108.9
422.8 115.4
428.0 122.1
432.7 129.1
437.3 136.2
441.5 143.6
445.6 150.9
449.8 158.3
453.2 166.0
456.6 173.7
459.7 181.6
462.6 189.5
465.2 197.5
467.3 205.7
469.1 214.0
470.8 222.3
472.4 230.6
473.5 238.9
474.3 247.4
475.0 255.8
474.7 264.3
474.0 272.8
473.1 281.3
471.7 289.7
470.2 298.1
468.7 306.6
467.1 315.0
465.2 323.4
462.9 331.7
460.6 339.9
458.1 348.2
455.5 356.4
452.9 364.6
449.9 372.8
446.3 380.7
442.1 388.4
437.7 395.9
433.1 403.5
427.8 410.5
422.4 417.5
416.8 424.5
410.4 430.8
403.7 436.8
396.5 442.4
389.1 447.8
381.3 452.7
373.5 457.5
365.4 462.0
357.2 466.3
348.5 469.9
339.9 473.4
331.2 476.9
322.2 479.8
313.1 482.6
304.1 485.4
295.1 488.2
286.0 491.0
276.8 493.3
267.3 494.9
257.8 496.5
248.4 498.0
238.8 499.1
229.1 500.0
219.3 500.0
209.5 499.1
199.7 497.6
189.9 495.7
180.2 493.6
170.7 490.0
161.3 486.3
152.0 482.1
142.9 477.6
134.0 472.4
125.2 467.3
116.5 461.8
108.3 455.5
100.2 449.1
92.2 442.4
84.3 435.7
77.4 427.9
70.5 420.0
63.8 412.0
58.1 403.2
52.9 394.1
48.0 384.8
43.0 375.5
38.2 366.2
33.8 356.6
30.0 346.8
26.2 337.0
22.9 327.0
19.6 317.0
16.6 306.9
13.5 296.8
10.9 286.6
8.4 276.4
6.1 266.1
4.3 255.8
3.0 245.4
2.2 234.9
2.2 224.4
3.4 214.1
4.8 203.8
6.8 193.6
9.3 183.6
12.2 173.7
15.5 164.0
19.7 154.6
24.6 145.8
29.8 137.0
35.1 128.5
40.5 119.9
46.0 111.4
51.5 103.0
58.0 95.4
64.5 87.9
71.2 80.6
78.1 73.4
85.3 66.7
92.5 60.0
99.8 53.4
107.2 46.9
114.9 40.9
122.6 34.9
130.9 30.0
139.4 25.7
148.0 21.5
156.8 17.9
165.7 15.1
174.8 12.7
183.8 10.4
193.0 9.4
202.1 9.3
