132
268.2 38.6
278.5 41.2
288.6 44.6
298.6 48.0
308.6 51.8
318.4 56.1
328.1 60.5
337.8 65.1
347.4 69.9
356.7 75.2
366.0 80.6
375.3 86.1
384.3 92.0
393.2 98.0
401.6 104.9
410.0 111.8
417.9 119.1
425.6 126.8
433.2 134.7
440.6 142.7
447.9 150.8
455.1 159.0
461.3 168.0
467.5 177.1
473.6 186.3
479.4 195.6
485.1 205.0
490.2 214.8
493.8 225.3
497.4 235.8
499.2 246.8
499.7 257.9
500.0 269.1
497.9 280.1
494.8 290.9
491.4 301.6
488.0 312.3
482.8 322.3
477.1 332.0
471.4 341.7
465.6 351.3
459.5 360.7
453.0 369.8
446.4 378.9
439.6 387.8
432.7 396.7
425.2 405.0
417.1 412.7
408.9 420.3
400.3 427.5
390.9 433.3
381.3 439.0
371.5 444.3
361.3 448.6
350.9 452.4
340.5 456.2
330.0 459.4
319.3 461.9
308.5 463.9
297.6 465.6
286.7 466.8
275.8 467.8
265.0 467.4
254.1 466.9
243.2 466.4
232.6 464.4
222.1 462.3
211.8 459.0
201.9 455.0
192.1 450.7
182.4 446.4
172.7 441.9
163.2 437.0
153.8 432.2
144.7 426.7
135.7 421.1
126.8 415.3
118.4 409.0
110.0 402.5
101.9 395.8
94.3 388.6
86.8 381.2
79.9 373.4
73.3 365.3
66.8 357.2
60.6 348.8
54.8 340.2
49.1 331.5
43.6 322.6
39.7 313.1
35.7 303.6
32.2 293.9
28.9 284.2
25.9 274.3
23.6 264.4
21.3 254.4
20.0 244.2
19.1 234.0
19.2 223.8
19.6 213.7
20.5 203.5
21.6 193.4
23.1 183.3
24.6 173.3
26.9 163.4
29.4 153.5
33.5 144.2
38.3 135.3
45.3 127.8
52.3 120.4
59.6 113.4
67.3 106.6
75.5 100.5
83.8 94.6
92.5 89.0
101.3 83.8
110.2 78.7
119.2 73.8
128.3 69.1
137.6 64.6
147.0 60.4
156.4 56.2
165.8 52.1
175.4 48.4
185.4 45.6
195.5 43.3
205.7 41.5
216.0 39.7
226.4 38.8
236.8 38.1
247.3 37.9
257.7 37.9
