115
194.5 0.3
209.4 0.8
224.4 1.4
239.3 2.0
254.2 3.6
269.0 5.8
283.5 8.9
295.6 16.9
307.4 25.2
318.9 33.7
330.4 42.2
340.1 52.3
349.3 62.7
358.5 73.1
367.7 83.5
376.7 93.9
385.6 104.5
394.2 115.2
402.4 126.1
410.1 137.3
417.4 148.6
423.0 160.5
428.0 172.4
433.0 184.4
436.5 196.5
439.8 208.6
442.4 220.7
444.1 232.8
445.6 244.8
445.8 256.6
445.7 268.4
445.5 280.1
444.2 291.4
442.9 302.8
441.2 314.0
438.9 324.9
436.1 335.5
433.0 346.0
429.9 356.5
423.4 364.0
416.8 371.4
410.2 378.8
403.6 386.2
397.0 393.5
389.4 399.3
381.6 404.9
373.9 410.5
365.9 415.5
357.8 420.3
349.5 424.5
341.0 428.3
332.4 431.7
323.8 435.0
315.2 438.2
306.5 441.3
297.7 443.7
288.8 445.6
279.8 447.1
270.8 447.9
261.7 448.2
252.7 448.4
243.7 448.6
234.8 446.8
226.1 444.0
217.6 440.6
209.1 437.2
200.7 433.4
192.5 429.1
184.5 424.4
176.7 419.1
169.0 413.9
161.4 408.1
154.0 402.2
147.2 395.4
140.5 388.5
133.9 381.3
127.4 374.0
121.0 366.7
114.5 359.3
108.2 351.9
102.3 343.9
96.6 335.7
91.7 326.7
87.0 317.7
82.5 308.4
78.4 298.8
74.7 288.9
71.5 278.8
68.5 268.5
65.6 258.2
63.1 247.6
60.9 236.9
58.6 226.2
56.7 215.4
54.9 204.5
53.3 193.6
51.9 182.5
51.7 171.1
53.2 159.3
56.1 147.4
59.1 135.5
62.8 123.7
66.8 111.9
70.9 100.1
76.1 88.4
83.8 77.5
91.7 66.7
99.8 56.0
108.5 45.5
118.2 35.8
128.9 26.8
140.5 18.5
152.1 10.3
165.5 4.6
179.5 -0.0
