164
217.1 9.0
226.0 9.5
234.9 10.1
243.8 10.8
252.6 11.8
261.3 13.2
270.1 14.6
278.5 16.7
287.0 19.0
295.1 22.0
302.9 25.4
310.7 29.1
318.3 33.0
325.8 37.1
333.0 41.6
340.2 46.1
347.3 50.7
354.3 55.5
361.1 60.4
368.0 65.3
374.7 70.4
381.4 75.5
388.0 80.7
394.6 85.9
401.0 91.4
407.1 97.0
412.7 103.1
418.3 109.4
423.5 115.8
428.2 122.6
432.8 129.5
436.9 136.5
441.1 143.6
445.3 150.7
449.2 158.0
452.7 165.4
456.1 172.9
459.3 180.4
462.2 188.1
464.8 195.8
467.0 203.7
468.8 211.7
470.6 219.7
472.3 227.7
473.5 235.8
474.4 243.9
475.2 252.1
475.0 260.3
474.5 268.5
473.7 276.6
472.4 284.8
471.1 292.9
469.7 301.1
468.3 309.2
466.5 317.3
464.4 325.3
462.2 333.3
460.0 341.2
457.6 349.2
455.1 357.1
452.3 364.9
448.8 372.6
444.9 380.0
440.6 387.3
436.4 394.5
431.3 401.4
426.2 408.2
421.0 414.9
415.7 421.6
409.5 427.6
403.1 433.5
396.2 438.9
389.1 444.0
381.6 448.6
374.0 453.3
366.3 457.7
358.6 462.0
350.6 466.0
342.3 469.5
333.9 472.8
325.5 476.1
316.8 478.8
308.1 481.5
299.4 484.1
290.7 486.8
282.0 489.4
273.1 491.6
263.9 493.0
254.8 494.4
245.6 495.8
236.4 496.8
227.0 497.5
217.6 497.5
208.1 496.5
198.6 494.9
189.2 493.0
179.7 490.9
170.3 488.9
161.2 485.3
152.1 481.5
143.1 477.3
134.3 472.8
125.8 467.6
117.2 462.5
108.9 457.0
100.9 450.7
93.1 444.4
85.5 437.8
77.8 431.1
71.2 423.4
64.6 415.6
58.2 407.6
52.7 398.9
47.8 389.9
43.0 380.7
38.3 371.5
33.7 362.3
29.5 352.8
25.9 343.2
22.4 333.4
19.2 323.6
16.1 313.7
13.3 303.7
10.4 293.8
8.0 283.7
5.6 273.6
3.5 263.5
1.9 253.3
0.7 243.0
-0.0 232.6
0.1 222.3
1.4 212.1
2.9 201.9
5.0 191.9
7.6 182.0
10.5 172.2
13.8 162.6
18.0 153.3
23.0 144.6
28.1 135.9
33.4 127.5
38.8 119.0
44.3 110.6
49.8 102.3
56.3 94.8
62.7 87.3
69.4 80.0
76.2 73.0
83.4 66.3
90.6 59.6
97.9 53.1
105.2 46.6
112.8 40.6
120.4 34.7
128.7 29.8
137.1 25.5
145.6 21.3
154.3 17.6
163.2 14.8
172.1 12.3
181.1 10.0
190.2 8.9
199.2 8.7
208.2 8.7
