103
223.2 0.5
239.6 1.3
256.0 2.1
272.3 4.1
285.5 12.8
298.4 21.9
311.1 31.2
323.8 40.6
334.5 51.6
344.6 63.0
354.6 74.5
364.5 86.0
374.0 97.7
383.1 109.6
391.6 121.8
399.7 134.2
406.0 147.1
411.8 160.2
417.4 173.2
421.4 186.4
425.2 199.7
428.3 212.9
430.4 226.0
432.3 239.2
432.8 252.1
433.0 264.9
433.0 277.7
431.9 290.1
430.3 302.3
428.1 314.2
425.3 325.8
422.3 337.3
419.2 348.8
412.5 357.0
405.7 365.2
398.8 373.3
392.0 381.4
384.0 387.8
376.0 394.0
368.0 400.2
359.6 405.7
351.1 411.1
342.5 415.8
333.6 420.0
324.6 423.9
315.6 427.6
306.6 431.2
297.4 434.0
288.0 436.2
278.7 438.0
269.2 439.0
259.7 439.5
250.3 440.0
240.8 440.3
231.5 438.6
222.4 435.7
213.5 432.3
204.7 428.7
195.9 424.8
187.4 420.3
179.3 414.8
171.2 409.3
163.4 403.4
156.3 396.2
149.3 388.9
142.5 381.3
135.8 373.7
129.1 366.0
122.5 358.2
115.9 350.4
109.9 341.9
104.0 333.3
99.0 323.8
94.1 314.3
89.6 304.4
85.5 294.3
81.8 283.8
78.6 273.1
75.8 262.1
73.4 250.9
71.2 239.6
69.1 228.2
67.3 216.7
65.9 205.1
64.6 193.4
64.7 181.2
66.5 168.7
69.9 156.1
73.4 143.5
77.7 130.9
82.3 118.4
87.0 105.8
92.9 93.4
101.4 81.9
110.2 70.4
119.2 59.1
128.8 48.0
139.5 37.7
151.4 28.1
164.0 19.4
176.8 10.8
191.5 4.8
206.9 0.0
