144
264.0 3.3
275.0 4.3
286.0 5.4
296.8 7.1
307.5 9.5
318.0 12.5
328.3 16.2
338.5 19.9
348.7 23.8
358.4 28.6
367.7 34.1
376.6 40.0
385.5 46.1
393.8 52.8
401.9 59.7
410.0 66.7
417.7 74.0
424.8 81.9
431.6 90.0
438.3 98.1
444.8 106.4
451.2 114.8
456.6 123.8
461.3 133.1
465.7 142.5
469.9 152.0
473.9 161.6
476.6 171.6
478.9 181.6
480.6 191.7
482.4 201.8
483.1 212.0
483.7 222.2
484.3 232.4
484.5 242.5
484.5 252.7
484.4 262.9
484.1 273.0
483.7 283.2
483.0 293.3
482.4 303.4
480.8 313.4
477.7 323.0
474.3 332.4
470.8 341.8
467.1 351.2
463.2 360.4
458.8 369.4
454.1 378.3
449.2 387.0
442.9 394.8
435.6 401.6
428.1 408.1
420.5 414.6
412.7 420.8
404.6 426.7
396.4 432.3
388.1 437.9
379.5 442.9
370.7 447.7
361.6 451.9
352.3 455.7
343.0 459.3
333.6 462.7
324.1 466.1
314.6 469.1
304.9 471.8
295.0 473.5
285.0 474.8
274.9 475.8
264.9 476.6
254.8 476.9
244.6 477.0
234.5 476.9
224.4 476.7
214.2 476.2
204.1 475.5
194.0 474.4
183.9 473.3
173.8 472.0
163.7 470.6
153.6 468.9
143.7 466.1
134.0 462.8
124.3 459.3
114.7 455.6
105.9 450.0
97.4 444.0
89.1 437.6
80.7 431.3
72.4 424.9
64.7 417.8
57.2 410.4
50.6 402.0
44.1 393.6
37.9 384.9
32.3 375.8
26.7 366.6
21.9 357.0
17.3 347.3
13.0 337.4
9.1 327.3
6.0 316.9
3.5 306.3
2.0 295.5
0.9 284.5
0.4 273.6
0.0 262.6
0.3 251.5
1.0 240.5
2.4 229.5
4.4 218.6
7.0 207.8
10.0 197.1
13.3 186.4
16.6 175.8
21.0 165.5
25.7 155.4
30.5 145.3
35.4 135.2
41.4 125.8
47.7 116.4
54.4 107.4
61.6 98.8
69.0 90.4
76.5 82.0
84.3 73.9
92.1 65.9
100.1 57.9
108.1 50.1
116.5 42.6
124.9 35.1
134.5 29.3
144.9 25.2
155.4 21.2
165.8 17.2
176.3 13.2
186.9 9.6
197.7 6.9
208.7 5.0
219.7 3.9
230.8 3.6
241.9 3.5
253.0 3.3
