112
201.4 0.3
216.4 0.9
231.5 1.4
246.6 2.1
261.6 3.7
276.3 6.9
288.5 14.9
300.4 23.3
312.0 31.9
323.6 40.5
333.4 50.7
342.7 61.2
352.0 71.7
361.2 82.2
370.3 92.8
379.3 103.5
388.0 114.3
396.2 125.4
404.0 136.6
411.3 148.1
416.9 160.0
422.0 172.1
427.0 184.2
430.5 196.5
433.8 208.7
436.5 221.0
438.2 233.2
439.7 245.3
439.9 257.3
439.8 269.1
439.5 281.0
438.2 292.4
436.9 303.9
435.2 315.2
432.8 326.3
429.9 337.0
426.8 347.6
423.7 358.2
417.1 365.8
410.4 373.3
403.7 380.8
397.0 388.2
390.3 395.7
382.6 401.5
374.8 407.2
367.0 412.8
358.8 417.9
350.6 422.7
342.2 427.0
333.6 430.8
324.9 434.2
316.2 437.6
307.5 440.8
298.5 443.3
289.5 445.2
280.4 446.7
271.3 447.5
262.2 447.8
253.0 448.1
243.9 448.2
234.9 446.4
226.1 443.6
217.4 440.2
208.9 436.7
200.4 432.9
192.1 428.5
184.2 423.2
176.4 417.9
168.7 412.1
161.2 406.2
154.3 399.3
147.5 392.3
140.9 385.0
134.3 377.7
127.7 370.3
121.2 362.9
114.8 355.3
108.9 347.3
103.1 339.0
98.1 330.0
93.3 320.8
88.8 311.4
84.6 301.8
80.9 291.8
77.6 281.5
74.5 271.2
71.6 260.7
69.1 250.0
66.8 239.3
64.5 228.5
62.6 217.5
60.7 206.6
59.1 195.5
57.6 184.3
57.4 172.7
58.9 160.9
61.8 148.9
64.8 136.9
68.6 124.9
72.6 113.0
76.7 101.0
82.0 89.3
89.7 78.3
97.7 67.4
105.9 56.5
114.6 46.0
124.4 36.1
135.2 27.0
146.9 18.7
158.6 10.4
172.1 4.6
186.3 0.0
