139
246.5 28.0
256.4 30.1
266.1 33.0
275.9 35.9
285.5 39.3
294.9 43.0
304.3 46.8
313.7 50.8
323.0 54.8
332.3 59.1
341.3 63.9
350.2 68.8
359.1 73.8
367.9 79.0
376.6 84.3
385.2 89.9
393.2 96.2
401.3 102.6
408.9 109.4
416.4 116.4
423.8 123.6
431.0 130.9
438.1 138.3
445.1 145.9
451.9 153.6
457.9 162.0
463.8 170.5
469.5 179.1
475.0 187.9
480.4 196.8
485.2 206.0
488.6 215.9
491.9 225.8
495.1 235.8
498.1 245.8
499.7 256.2
500.0 266.8
500.0 277.4
498.9 288.0
496.7 298.4
494.5 308.9
491.2 319.1
487.6 329.2
484.0 339.3
478.6 348.7
472.9 357.8
467.1 366.9
461.1 376.0
454.8 384.8
448.2 393.4
441.5 401.9
434.6 410.3
427.6 418.6
419.9 426.3
411.7 433.5
403.4 440.6
394.8 447.2
385.2 452.6
375.6 457.7
365.7 462.5
355.4 466.3
345.0 469.7
334.5 472.9
323.9 475.7
313.1 477.8
302.2 479.3
291.3 480.5
280.4 481.3
269.4 481.8
258.5 481.0
247.5 480.1
236.6 479.1
226.0 476.7
215.3 474.2
205.0 470.6
195.0 466.1
185.1 461.5
175.3 456.9
165.6 451.9
156.0 446.7
146.4 441.5
137.3 435.7
128.2 429.7
119.2 423.6
110.7 416.9
102.2 410.1
94.0 403.1
86.3 395.5
78.7 387.8
71.7 379.7
64.9 371.3
58.3 362.8
52.0 354.1
46.0 345.2
40.2 336.2
34.6 327.0
30.5 317.2
26.4 307.4
22.6 297.4
19.2 287.4
16.1 277.2
13.5 267.0
11.1 256.7
9.6 246.2
8.5 235.8
8.3 225.3
8.5 214.8
9.2 204.4
10.1 194.0
11.3 183.6
12.6 173.3
14.6 163.1
16.9 152.9
20.7 143.3
25.2 134.1
31.9 126.3
38.5 118.6
45.6 111.2
52.9 104.1
60.8 97.7
68.8 91.4
77.1 85.5
85.6 79.9
94.1 74.4
102.8 69.1
111.6 64.1
120.5 59.2
129.6 54.7
138.6 50.1
147.7 45.6
157.0 41.5
166.6 38.3
176.3 35.6
186.2 33.4
196.1 31.2
206.1 29.9
216.2 28.8
226.3 28.2
236.4 27.7
