183
233.1 13.4
240.8 14.0
248.5 14.8
256.1 15.8
263.7 17.0
271.1 18.9
278.5 20.7
285.9 22.6
293.2 24.9
300.4 27.3
307.6 29.8
314.8 32.2
321.9 34.7
329.1 37.3
336.1 40.1
343.1 43.0
350.1 46.0
357.0 49.1
363.7 52.5
370.3 56.1
376.5 60.2
382.6 64.6
388.5 69.2
394.1 74.1
399.5 79.3
404.8 84.5
409.8 90.0
414.4 95.8
418.9 101.7
423.0 107.8
426.9 114.1
430.6 120.5
434.3 126.9
437.8 133.4
441.3 139.9
444.7 146.5
448.1 153.1
451.1 159.8
453.9 166.7
456.4 173.6
458.8 180.6
461.2 187.6
463.4 194.7
465.6 201.7
467.2 209.0
468.6 216.2
469.4 223.6
469.8 231.0
470.0 238.5
469.5 245.9
468.9 253.4
468.2 260.8
467.4 268.2
466.4 275.7
465.3 283.1
464.2 290.5
462.6 297.8
460.9 305.1
459.2 312.5
457.3 319.8
455.3 327.0
453.2 334.3
450.6 341.4
447.8 348.4
444.6 355.3
441.4 362.2
437.7 368.9
433.4 375.3
429.0 381.6
424.5 387.9
419.9 394.0
415.2 400.2
410.3 406.2
405.2 412.0
400.1 417.9
394.8 423.6
389.6 429.4
384.3 435.1
378.9 440.7
373.5 446.3
367.9 451.8
362.3 457.2
355.9 461.9
349.1 466.0
342.0 469.8
334.9 473.4
327.6 476.9
320.4 480.3
313.0 483.5
305.4 486.4
297.9 489.2
290.1 491.7
282.2 493.7
274.2 495.4
266.0 496.7
257.9 497.8
249.7 498.9
241.5 499.6
233.1 499.8
224.8 500.0
216.5 500.0
208.2 498.5
199.8 497.0
191.6 495.3
183.3 493.3
175.1 491.0
167.0 488.5
159.0 485.3
151.1 482.2
143.8 477.6
136.9 472.3
130.0 467.0
123.4 461.3
117.1 455.3
110.8 449.3
104.7 443.1
98.7 436.7
92.8 430.3
87.0 423.8
81.3 417.1
75.8 410.3
70.7 403.2
65.5 396.1
60.6 388.9
55.8 381.5
51.6 373.9
47.5 366.1
43.5 358.3
39.6 350.5
35.7 342.6
32.0 334.6
28.3 326.7
24.8 318.6
21.8 310.4
19.1 302.1
17.0 293.5
15.4 284.9
13.9 276.3
12.8 267.6
11.8 259.0
11.5 250.3
11.3 241.5
11.5 232.8
12.1 224.2
13.3 215.6
14.9 207.1
17.7 199.0
20.6 190.9
23.5 182.9
27.1 175.2
30.8 167.5
34.7 159.9
38.6 152.4
42.5 144.8
46.7 137.5
51.1 130.2
55.4 123.0
60.0 115.9
64.7 108.9
69.7 102.1
74.7 95.4
79.7 88.7
85.1 82.3
90.6 76.0
96.2 69.8
101.9 63.7
108.0 58.1
114.5 53.1
121.1 48.2
127.9 43.7
134.8 39.3
141.9 35.5
149.1 31.7
156.4 28.4
163.8 25.2
171.3 22.5
178.9 19.8
186.5 17.4
194.1 15.3
201.9 14.2
209.7 13.7
217.5 13.4
225.3 13.2
