142
254.5 29.7
264.1 31.9
273.5 34.8
283.0 37.8
292.3 41.1
301.4 44.9
310.6 48.7
319.7 52.7
328.7 56.7
337.7 61.0
346.4 65.8
355.1 70.7
363.7 75.7
372.2 80.8
380.7 86.2
389.0 91.7
396.8 98.0
404.6 104.3
412.0 111.0
419.2 118.0
426.4 125.1
433.4 132.3
440.2 139.7
447.0 147.1
453.7 154.7
459.4 163.1
465.1 171.5
470.7 180.0
476.0 188.6
481.2 197.4
485.9 206.4
489.1 216.2
492.3 226.0
495.3 235.8
498.2 245.7
499.7 255.9
500.0 266.3
500.0 276.8
498.9 287.2
496.7 297.5
494.5 307.8
491.3 317.8
487.8 327.8
484.2 337.7
479.0 347.0
473.3 356.0
467.6 365.0
461.8 373.9
455.7 382.6
449.2 391.1
442.6 399.5
435.9 407.8
429.0 416.0
421.5 423.6
413.5 430.7
405.4 437.7
396.9 444.3
387.6 449.6
378.2 454.8
368.6 459.5
358.5 463.4
348.3 466.7
338.1 470.0
327.7 472.8
317.2 474.9
306.6 476.5
295.9 477.9
285.2 478.7
274.5 479.3
263.9 478.7
253.2 477.9
242.5 477.1
232.1 474.8
221.7 472.5
211.6 469.1
201.6 465.7
191.8 461.5
182.2 457.1
172.6 452.7
163.1 448.0
153.7 443.1
144.4 438.1
135.4 432.5
126.5 426.9
117.8 421.0
109.4 414.6
101.2 408.1
93.1 401.4
85.6 394.2
78.2 386.8
71.3 379.0
64.7 370.9
58.2 362.8
52.1 354.4
46.2 345.9
40.5 337.2
35.0 328.5
31.0 319.0
27.0 309.6
23.3 300.0
19.9 290.3
16.8 280.6
14.3 270.7
11.9 260.8
10.4 250.8
9.3 240.7
9.1 230.6
9.3 220.5
9.9 210.5
10.7 200.5
11.9 190.5
13.1 180.6
15.0 170.7
17.2 161.0
21.0 151.8
25.3 142.9
31.7 135.4
38.2 128.0
44.9 120.8
51.7 113.8
58.8 107.0
66.5 100.8
74.2 94.8
82.2 89.2
90.2 83.5
98.5 78.2
106.7 73.0
115.1 68.0
123.7 63.2
132.3 58.6
141.1 54.3
149.9 49.9
158.7 45.7
167.7 41.8
177.0 38.8
186.4 36.3
196.0 34.2
205.6 32.2
215.3 31.1
225.1 30.1
234.9 29.6
244.7 29.3
