77
305.2 24.0
324.3 26.0
343.2 29.3
362.1 33.2
380.7 38.4
398.9 45.1
415.7 55.1
430.3 68.4
444.0 82.7
457.5 97.1
470.2 112.2
481.1 128.8
490.9 146.1
500.0 163.8
498.8 183.6
495.3 203.1
491.7 222.6
487.8 242.0
482.7 261.1
476.5 279.8
467.5 297.3
457.0 313.8
445.8 329.8
434.1 345.4
422.2 360.9
410.1 376.1
396.3 389.6
381.5 402.1
366.5 414.2
351.5 426.2
336.2 437.9
320.2 448.5
303.4 457.5
286.4 466.2
268.6 472.7
250.1 475.2
231.6 475.6
213.1 474.1
194.8 472.2
176.6 469.5
158.5 466.1
141.4 459.7
124.6 452.9
108.3 445.0
92.8 435.6
79.6 423.4
67.0 410.7
55.9 396.8
46.5 381.7
38.3 365.9
31.1 349.6
24.8 333.0
20.0 315.9
17.3 298.3
16.0 280.6
15.3 262.8
17.3 245.1
21.8 227.8
27.9 210.9
36.3 195.0
45.5 179.5
56.3 164.9
67.6 150.7
79.3 136.8
92.3 123.9
105.8 111.7
119.8 99.8
133.9 88.1
148.1 76.5
164.3 67.5
180.6 58.7
197.3 50.5
214.4 43.2
231.7 36.4
249.3 30.0
267.5 25.5
286.1 22.3
