94
268.5 1.8
285.7 3.7
302.5 7.5
318.8 13.2
335.0 18.8
351.2 24.6
367.3 30.7
382.8 37.9
397.3 46.9
411.6 56.2
424.1 67.6
436.5 79.1
448.3 91.2
459.5 103.7
470.0 116.8
477.1 131.8
483.4 147.0
487.8 162.8
489.9 178.9
490.9 195.0
491.7 211.2
491.0 227.2
489.6 243.2
487.9 259.1
486.1 275.1
484.2 290.9
482.0 306.8
476.9 321.8
470.7 336.3
463.7 350.3
456.0 364.0
447.2 376.9
437.0 388.6
426.1 399.7
414.8 410.3
402.8 420.0
390.0 428.6
377.0 437.0
363.8 444.9
350.1 452.0
336.3 458.8
322.5 465.6
308.0 470.8
293.4 475.5
278.1 477.6
262.9 479.6
247.5 480.5
232.1 480.9
216.7 480.5
201.3 480.1
185.9 479.1
170.7 476.6
155.7 472.6
140.9 468.1
126.6 462.1
112.6 455.1
99.3 446.8
86.3 438.2
73.4 429.2
62.0 418.3
51.0 406.9
40.5 395.0
31.5 381.8
23.1 368.1
16.0 353.7
9.9 338.6
6.2 322.7
2.6 306.8
0.5 290.5
0.0 273.9
2.9 257.5
7.3 241.2
11.8 225.0
17.0 209.0
22.4 193.0
28.0 177.0
34.1 161.3
40.9 145.8
48.1 130.4
55.5 115.1
63.1 99.9
71.7 85.2
82.6 71.9
93.8 58.9
105.4 46.2
120.0 36.9
134.8 27.9
150.1 19.9
165.8 12.4
182.4 7.4
199.3 3.2
216.5 1.2
233.8 0.9
251.2 0.8
