192
262.7 31.0
269.6 31.6
276.6 32.3
283.5 33.2
290.5 34.2
297.4 35.6
304.2 37.2
311.0 39.3
317.8 41.3
324.6 43.6
331.3 46.0
337.9 48.7
344.5 51.5
351.0 54.5
357.5 57.6
363.9 60.9
370.3 64.2
376.7 67.7
383.0 71.3
389.3 74.9
395.2 79.2
401.1 83.5
407.0 88.0
412.6 92.9
418.1 97.8
423.6 102.8
429.1 107.7
434.3 113.1
439.5 118.5
444.6 124.0
449.4 129.8
454.1 135.7
458.4 142.0
462.5 148.5
466.4 155.0
469.8 162.0
473.0 169.1
476.1 176.2
479.2 183.3
481.7 190.8
484.1 198.3
486.4 205.8
488.7 213.3
490.7 220.9
492.7 228.6
494.4 236.4
495.9 244.2
497.1 252.1
498.2 260.0
499.0 268.0
499.6 276.0
500.0 284.1
499.9 292.2
499.8 300.3
498.0 308.3
495.0 316.1
492.1 323.9
489.0 331.6
485.3 339.1
481.4 346.6
477.4 353.9
473.2 361.2
468.7 368.3
463.3 374.8
457.8 381.2
452.1 387.5
446.1 393.5
440.1 399.4
434.1 405.4
428.0 411.2
421.8 417.0
415.4 422.5
408.6 427.6
401.7 432.5
394.7 437.3
387.7 442.0
380.3 446.2
372.9 450.3
365.5 454.3
357.6 457.4
349.8 460.5
341.8 463.4
333.8 466.0
325.7 468.2
317.6 470.2
309.4 472.2
301.2 473.6
292.9 474.7
284.6 475.7
276.3 476.2
268.0 476.7
259.7 477.0
251.4 477.2
243.1 477.4
234.8 477.3
226.6 477.0
218.3 476.5
210.1 475.9
201.9 475.2
193.7 474.4
185.7 472.9
177.7 471.2
169.7 469.4
161.9 467.3
154.1 465.1
146.3 462.9
138.5 460.5
131.0 457.7
123.5 454.8
116.3 451.3
109.6 447.1
103.9 441.9
98.3 436.6
92.7 431.3
87.1 426.0
81.8 420.4
77.0 414.5
72.3 408.5
67.6 402.5
63.2 396.4
58.9 390.2
55.2 383.7
51.6 377.2
48.0 370.6
44.6 364.0
41.6 357.2
38.6 350.5
35.6 343.7
33.4 336.7
31.3 329.7
29.6 322.7
28.2 315.6
27.1 308.5
26.4 301.4
25.8 294.3
25.3 287.1
25.1 280.0
25.4 273.0
25.8 265.9
26.3 258.9
26.8 251.9
27.5 244.9
28.3 237.9
29.3 230.9
30.4 224.0
31.6 217.1
32.8 210.3
34.3 203.5
36.2 196.8
38.1 190.1
40.3 183.6
42.8 177.1
45.4 170.7
48.2 164.4
50.9 158.2
53.8 151.9
57.1 145.9
60.6 140.0
64.2 134.2
67.9 128.5
72.2 123.2
76.6 118.0
81.1 112.9
85.7 107.9
90.3 102.9
95.4 98.5
100.7 94.2
106.0 89.9
111.5 85.9
116.9 82.0
122.5 78.0
128.1 74.2
133.8 70.6
139.6 67.0
145.4 63.5
151.5 60.4
157.5 57.4
163.6 54.4
169.8 51.6
176.1 48.9
182.4 46.3
188.8 44.1
195.3 42.0
201.8 39.9
208.4 38.0
214.9 36.1
221.6 34.7
228.3 33.3
235.2 32.4
242.0 31.6
248.9 30.9
255.7 30.4
