177
271.0 1.4
279.7 3.4
288.4 5.7
297.1 8.1
305.6 10.7
314.0 14.0
322.4 17.3
330.7 20.7
338.8 24.6
346.9 28.5
354.8 32.7
362.6 37.1
370.4 41.7
378.0 46.3
385.7 51.0
393.1 56.1
400.6 61.1
407.4 66.9
413.8 73.1
420.0 79.6
426.0 86.2
431.8 93.0
437.4 99.9
443.1 106.9
448.6 113.8
454.0 121.0
459.0 128.3
463.6 136.0
468.2 143.6
472.5 151.4
476.4 159.3
479.7 167.5
482.7 175.9
485.5 184.3
487.8 192.8
489.7 201.4
491.3 210.0
492.9 218.7
493.7 227.4
494.4 236.2
494.4 244.9
493.2 253.5
491.6 262.0
489.9 270.5
488.1 279.0
486.2 287.4
484.2 295.9
482.2 304.3
480.1 312.7
477.8 321.0
475.3 329.3
472.5 337.4
469.5 345.5
466.4 353.5
463.2 361.5
459.9 369.5
456.3 377.2
452.2 384.8
448.2 392.3
443.1 399.2
438.1 406.1
432.7 412.6
427.0 418.9
420.9 424.8
414.7 430.5
408.4 436.1
402.0 441.6
395.0 446.3
387.8 450.5
380.5 454.6
373.0 458.5
365.6 462.3
358.0 465.8
350.1 468.6
342.3 471.3
334.3 473.9
326.4 476.4
318.4 478.7
310.4 481.1
302.4 483.3
294.3 485.4
286.2 487.3
278.1 489.2
270.0 490.8
261.7 491.6
253.4 491.9
245.2 491.7
236.9 491.1
228.7 490.6
220.4 489.8
212.2 488.8
204.0 487.7
195.8 486.6
187.7 485.2
179.7 483.1
171.8 480.6
164.1 477.6
156.8 473.7
149.5 469.9
142.2 465.9
135.2 461.6
128.2 457.2
121.4 452.4
114.8 447.4
109.0 441.5
103.7 435.1
98.6 428.6
93.5 422.0
88.5 415.3
83.6 408.6
78.9 401.8
74.1 394.9
69.4 388.1
64.7 381.2
60.1 374.3
55.7 367.2
51.4 360.0
47.4 352.7
43.6 345.3
39.9 337.8
36.5 330.1
33.3 322.4
30.2 314.6
27.3 306.8
24.5 298.8
21.8 290.9
19.6 282.8
17.9 274.5
16.5 266.2
15.8 257.7
15.2 249.3
14.6 240.8
14.4 232.4
14.5 223.9
15.2 215.4
15.9 206.9
16.9 198.4
18.0 189.9
19.3 181.5
20.8 173.1
22.3 164.6
24.4 156.3
26.6 148.0
29.3 139.8
32.5 131.8
35.8 123.9
39.4 116.0
43.4 108.3
47.6 100.7
52.1 93.3
56.6 85.9
61.4 78.6
67.2 72.0
73.2 65.7
80.0 60.1
86.8 54.5
93.9 49.2
101.3 44.4
108.8 39.7
116.4 35.2
124.0 30.7
131.9 26.6
140.1 23.3
148.4 20.1
156.8 17.1
165.2 14.1
173.8 11.8
182.4 9.4
191.1 7.4
199.8 5.7
208.6 4.2
217.5 2.7
226.3 1.5
235.2 0.7
244.2 0.4
253.1 0.1
262.1 0.0
