44
230.9 28.3
261.4 34.1
291.3 42.0
320.3 52.3
348.9 63.6
375.3 78.9
394.6 102.3
412.7 126.5
427.8 152.7
440.3 180.2
447.5 209.6
451.3 239.6
454.6 269.8
455.9 300.1
450.7 330.2
438.9 358.7
423.5 385.7
407.4 412.3
389.1 437.6
370.5 462.7
346.5 483.4
316.8 496.2
284.1 500.0
251.0 495.0
218.3 487.1
186.6 475.4
155.2 462.7
131.9 437.5
110.7 410.4
90.3 382.8
70.7 354.4
55.5 323.5
49.8 289.6
45.5 255.6
43.6 221.3
44.1 187.1
47.0 153.1
50.8 119.2
56.6 85.7
78.3 60.6
107.7 47.5
137.7 36.2
168.4 27.5
199.9 25.2
