68
224.4 21.8
245.4 24.1
266.1 28.0
286.9 31.9
307.5 36.1
327.8 41.8
347.5 49.0
365.3 60.0
381.4 73.4
396.7 87.7
411.9 102.0
426.5 117.0
441.0 132.0
453.7 148.7
462.7 167.7
468.8 187.8
473.7 208.3
478.3 228.9
482.8 249.5
486.8 270.2
485.2 291.5
482.8 312.7
477.2 333.4
470.1 353.7
462.9 374.0
455.3 394.2
443.8 412.8
430.2 429.9
414.2 445.1
396.8 458.9
377.2 469.6
355.7 476.4
333.9 482.5
311.4 485.4
288.7 487.7
265.9 485.2
243.2 482.4
220.4 479.2
197.8 475.1
175.4 470.2
153.3 463.5
132.9 452.7
115.7 437.0
98.9 421.1
83.7 403.6
68.9 385.8
54.1 367.9
39.5 349.9
25.2 331.7
15.4 310.7
7.5 289.1
1.3 266.9
0.0 244.1
2.2 221.4
7.1 199.3
13.2 177.6
20.0 156.1
27.7 135.0
39.7 116.2
54.5 100.0
70.4 84.7
86.6 69.9
104.1 56.9
121.7 43.9
141.3 34.9
161.3 26.7
182.1 21.3
203.3 20.1
