172
270.0 1.4
278.9 3.6
287.9 5.9
296.8 8.4
305.6 11.2
314.3 14.5
322.9 17.9
331.4 21.5
339.7 25.5
348.0 29.6
356.2 33.9
364.3 38.5
372.2 43.2
380.1 48.1
387.9 52.9
395.6 58.1
403.2 63.3
410.2 69.4
416.9 75.8
423.2 82.5
429.4 89.3
435.4 96.3
441.1 103.5
446.9 110.7
452.7 117.9
458.1 125.3
463.3 132.9
468.0 140.8
472.7 148.7
476.7 157.0
480.1 165.4
483.1 174.1
486.0 182.7
488.3 191.6
490.2 200.5
491.9 209.4
493.5 218.4
494.3 227.4
495.0 236.4
494.9 245.5
493.6 254.4
492.0 263.2
490.1 272.0
488.3 280.8
486.3 289.5
484.2 298.2
482.1 306.9
479.9 315.6
477.5 324.2
474.8 332.8
472.0 341.2
468.8 349.6
465.6 357.9
462.2 366.1
458.8 374.4
455.0 382.4
450.8 390.2
446.6 398.0
441.3 405.1
436.1 412.2
430.5 419.0
424.5 425.5
418.3 431.6
411.8 437.5
405.3 443.4
398.0 448.2
390.5 452.6
382.9 456.8
375.2 460.9
367.5 464.8
359.6 468.4
351.5 471.3
343.3 474.2
335.1 476.9
326.8 479.4
318.5 481.9
310.2 484.3
301.9 486.6
293.5 488.5
285.1 490.5
276.6 492.1
268.1 493.0
259.5 493.4
250.9 493.1
242.3 492.6
233.8 492.0
225.2 491.2
216.7 490.2
208.2 489.1
199.7 487.9
191.3 486.5
183.0 484.3
174.8 481.8
166.8 478.7
159.2 474.7
151.7 470.7
144.1 466.7
136.8 462.2
129.5 457.7
122.5 452.8
115.7 447.6
109.6 441.5
104.1 434.9
98.8 428.2
93.5 421.4
88.3 414.5
83.2 407.6
78.3 400.6
73.3 393.5
68.4 386.4
63.5 379.4
58.7 372.2
54.1 364.9
49.7 357.5
45.5 350.0
41.6 342.3
37.7 334.6
34.2 326.7
30.8 318.7
27.6 310.7
24.5 302.6
21.7 294.4
19.4 286.0
17.6 277.5
16.2 268.9
15.3 260.2
14.7 251.5
14.1 242.8
13.8 234.0
13.8 225.3
14.5 216.5
15.2 207.7
16.3 199.0
17.3 190.3
18.7 181.6
20.2 172.9
21.7 164.2
23.9 155.6
26.1 147.0
28.8 138.6
32.1 130.3
35.4 122.1
39.2 114.0
43.2 106.1
47.5 98.3
52.1 90.6
56.8 83.0
61.6 75.4
67.6 68.7
73.8 62.1
80.8 56.3
87.8 50.6
95.4 45.6
103.1 40.8
110.9 36.1
118.7 31.5
126.8 27.3
135.3 23.9
143.9 20.6
152.5 17.5
161.1 14.5
169.9 12.0
178.8 9.6
187.7 7.5
196.8 5.8
205.8 4.2
214.9 2.8
224.0 1.5
233.2 0.6
242.4 0.4
251.6 0.1
260.8 0.0
