78
305.0 24.4
324.0 26.4
342.9 29.7
361.8 33.5
380.3 38.7
398.5 45.4
415.3 55.3
429.9 68.4
443.6 82.4
457.2 96.7
470.0 111.6
480.9 128.0
490.8 145.0
500.0 162.5
499.0 182.0
495.8 201.3
492.5 220.5
488.9 239.7
484.1 258.5
478.3 277.0
469.6 294.2
459.4 310.5
448.6 326.3
437.4 341.8
425.9 357.0
414.2 372.0
400.8 385.4
386.5 397.7
371.9 409.6
357.3 421.5
342.5 433.1
327.0 443.5
310.6 452.4
294.1 461.0
276.8 467.5
258.8 470.0
240.7 470.3
222.8 468.9
205.0 467.1
187.1 465.3
169.4 462.6
151.8 459.2
135.2 453.0
118.9 446.3
103.0 438.5
88.0 429.3
75.3 417.3
63.0 404.9
52.3 391.1
43.2 376.2
35.4 360.7
28.5 344.7
22.6 328.3
18.1 311.5
15.7 294.2
14.6 276.8
14.1 259.3
16.4 241.9
21.0 224.8
27.3 208.2
35.7 192.5
45.1 177.3
56.0 162.9
67.3 148.9
79.1 135.3
92.1 122.6
105.7 110.5
119.7 98.9
133.8 87.4
148.0 75.9
164.2 67.1
180.6 58.5
197.2 50.4
214.3 43.2
231.6 36.5
249.2 30.2
267.4 25.9
286.0 22.7
