47
242.3 24.4
270.7 30.5
298.6 38.6
325.7 48.9
352.4 60.1
377.2 75.0
395.3 97.3
412.2 120.5
426.5 145.4
438.3 171.6
445.3 199.5
449.0 228.0
452.4 256.6
453.9 285.4
449.4 314.0
438.7 341.1
424.8 366.7
410.3 392.1
393.6 416.2
376.7 440.2
358.6 463.3
336.7 483.2
309.6 495.8
279.6 500.0
249.4 496.1
219.5 489.6
190.5 479.5
161.8 468.6
140.5 446.0
121.2 421.8
102.6 397.0
84.8 371.6
71.1 343.8
62.0 314.1
57.0 283.6
53.3 252.9
51.9 222.0
52.7 191.2
55.6 160.5
59.4 130.0
65.0 99.7
79.5 72.9
99.8 50.5
127.3 39.2
155.4 29.5
184.0 22.2
213.3 20.8
