76
303.3 25.5
322.6 27.3
341.7 30.5
360.8 34.1
379.6 39.2
398.0 45.8
415.0 55.7
429.7 68.9
443.5 83.1
457.1 97.4
470.0 112.5
480.9 129.1
490.8 146.3
500.0 164.0
498.7 183.8
495.2 203.3
491.5 222.8
487.5 242.2
482.3 261.3
476.0 280.0
466.9 297.5
456.2 313.9
444.8 329.8
433.0 345.5
420.9 360.9
408.6 376.0
394.6 389.5
379.6 401.8
364.4 413.9
349.1 425.8
333.6 437.4
317.4 447.9
300.3 456.8
283.1 465.4
265.1 471.7
246.3 474.1
227.5 474.1
208.8 472.4
190.2 470.3
171.8 467.3
153.5 463.6
136.1 456.9
119.1 449.8
102.5 441.5
86.9 431.8
73.5 419.3
60.6 406.2
49.3 391.8
39.8 376.3
31.4 360.1
24.1 343.4
17.8 326.3
12.8 308.8
11.4 290.6
10.7 272.4
12.7 254.3
17.2 236.5
23.4 219.2
31.8 202.8
41.1 186.9
52.0 171.9
63.4 157.3
75.2 143.0
88.3 129.8
102.0 117.1
116.1 104.9
130.3 92.8
144.6 80.8
161.0 71.4
177.5 62.4
194.3 53.8
211.6 46.1
229.1 39.0
246.8 32.3
265.3 27.6
284.1 24.1
