150
236.6 0.0
247.2 0.2
257.7 0.3
268.3 0.7
278.8 2.0
289.3 3.3
299.6 5.3
309.9 7.6
320.1 10.2
330.1 13.4
339.9 17.3
349.7 21.2
359.4 25.2
368.6 30.2
377.5 35.7
386.0 41.8
394.4 48.0
402.4 54.7
410.1 61.7
417.7 68.8
425.1 76.1
431.8 84.1
438.3 92.2
444.7 100.3
450.8 108.6
456.8 117.1
462.0 126.0
466.4 135.3
470.6 144.7
474.5 154.2
478.2 163.7
480.7 173.6
482.8 183.6
484.4 193.7
486.0 203.7
486.6 213.9
487.1 224.0
487.5 234.1
487.6 244.3
487.5 254.4
487.3 264.5
486.9 274.6
486.4 284.7
485.7 294.8
484.9 304.9
483.3 314.8
480.3 324.4
476.8 333.8
473.3 343.1
469.7 352.5
465.8 361.7
461.5 370.7
456.8 379.5
452.0 388.3
445.9 396.1
438.7 402.9
431.4 409.6
423.9 416.1
416.3 422.4
408.4 428.4
400.4 434.1
392.3 439.8
383.9 445.0
375.3 449.9
366.5 454.3
357.4 458.2
348.3 462.1
339.1 465.6
329.9 469.2
320.6 472.4
311.2 475.4
301.5 477.3
291.8 478.9
282.0 480.1
272.2 481.2
262.3 481.8
252.4 482.2
242.6 482.4
232.7 482.6
222.8 482.4
212.9 482.1
203.1 481.4
193.2 480.6
183.4 479.7
173.6 478.6
163.8 477.3
154.1 474.9
144.6 472.1
135.2 468.9
125.8 465.7
117.3 460.7
108.9 455.1
100.8 449.3
92.7 443.5
84.6 437.7
77.0 431.1
69.6 424.3
63.2 416.6
56.8 408.7
50.7 400.7
45.2 392.2
39.8 383.7
35.0 374.8
30.5 365.7
26.1 356.6
21.8 347.4
17.9 338.0
14.9 328.2
12.3 318.3
10.8 308.2
9.6 298.0
9.0 287.7
8.5 277.4
8.2 267.1
8.4 256.8
8.9 246.5
9.9 236.2
11.0 225.9
12.3 215.6
14.1 205.4
16.6 195.3
19.3 185.3
22.4 175.3
25.5 165.4
29.6 155.8
34.0 146.3
38.6 136.9
43.2 127.5
48.9 118.7
54.8 110.1
61.2 101.7
68.0 93.7
75.1 85.9
82.2 78.1
89.5 70.5
96.9 63.1
104.4 55.6
111.9 48.3
119.6 41.0
127.5 34.1
135.5 27.2
144.7 22.0
154.6 18.3
164.6 14.7
174.6 11.2
184.6 7.7
194.7 4.6
205.0 2.3
215.5 0.8
226.0 0.0
