64
227.5 23.5
248.8 26.2
269.7 30.4
290.6 34.8
311.5 39.3
331.9 45.5
351.7 53.3
369.5 65.2
385.4 79.7
400.6 95.0
415.6 110.4
430.0 126.5
444.3 142.7
456.6 160.6
465.0 181.0
470.3 202.6
474.3 224.6
478.0 246.7
481.5 268.9
484.7 291.1
481.8 313.9
477.9 336.6
470.8 358.9
461.9 380.7
452.6 402.4
439.2 422.3
423.4 440.7
405.1 457.0
385.4 471.9
363.2 483.4
339.0 490.8
314.6 497.4
289.2 500.0
263.7 497.4
238.2 494.6
212.7 491.3
187.3 487.1
162.6 480.1
143.1 463.6
123.9 446.7
106.4 428.2
89.4 409.2
72.5 390.3
55.6 371.2
39.2 351.9
27.5 329.6
17.9 306.6
10.0 283.1
7.4 258.8
8.6 234.8
12.6 211.4
17.8 188.3
23.9 165.5
30.9 143.0
42.5 123.1
57.2 105.9
72.8 89.7
89.0 74.1
106.4 60.3
124.0 46.5
143.7 37.0
163.8 28.4
184.8 22.8
206.2 21.6
