130
267.1 39.2
277.4 41.7
287.6 45.0
297.8 48.4
307.8 52.1
317.7 56.3
327.5 60.8
337.2 65.3
346.9 70.0
356.3 75.3
365.7 80.7
375.0 86.1
384.1 92.0
393.1 98.0
401.5 104.8
409.9 111.7
417.9 119.1
425.7 126.8
433.3 134.7
440.7 142.7
448.1 150.8
455.3 159.1
461.5 168.1
467.8 177.2
473.8 186.4
479.6 195.8
485.3 205.2
490.4 215.0
494.1 225.6
497.6 236.1
499.4 247.2
499.8 258.4
500.0 269.6
497.8 280.7
494.5 291.6
491.0 302.4
487.4 313.1
482.0 323.1
476.2 332.9
470.4 342.6
464.3 352.2
458.0 361.7
451.3 370.8
444.5 379.9
437.5 388.9
430.5 397.8
422.7 406.1
414.4 413.8
405.9 421.4
397.2 428.6
387.4 434.4
377.6 440.1
367.6 445.3
357.1 449.6
346.5 453.4
335.8 457.1
325.0 460.2
314.0 462.7
303.0 464.5
291.8 466.2
280.7 467.3
269.5 468.1
258.4 467.6
247.2 467.0
236.1 466.3
225.2 464.1
214.4 461.9
203.9 458.5
193.8 454.2
183.7 449.8
173.7 445.3
163.8 440.5
154.0 435.5
144.3 430.4
135.0 424.7
125.8 418.9
117.1 412.3
108.6 405.6
100.2 398.7
92.4 391.2
84.7 383.6
77.6 375.5
70.7 367.2
64.1 358.8
57.7 350.1
51.7 341.2
45.8 332.3
40.2 323.2
36.0 313.4
31.9 303.6
28.2 293.6
24.8 283.6
21.7 273.4
19.3 263.1
17.9 252.7
16.9 242.2
16.8 231.7
17.1 221.3
18.0 210.8
19.1 200.4
20.4 190.1
21.9 179.7
24.1 169.5
26.6 159.4
30.7 149.8
35.5 140.6
42.5 132.9
49.5 125.2
56.9 117.9
64.6 110.9
72.9 104.6
81.3 98.5
89.9 92.7
98.8 87.3
107.8 81.9
116.9 76.8
126.1 71.9
135.4 67.2
144.9 62.9
154.3 58.5
163.8 54.2
173.5 50.2
183.6 47.3
193.8 44.8
204.1 42.8
214.4 40.9
224.9 39.9
235.4 39.1
246.0 38.8
256.5 38.5
