84
301.8 29.0
319.5 30.7
337.0 33.7
354.5 37.1
371.7 41.7
388.9 46.5
405.8 52.5
421.3 61.5
434.9 73.5
447.6 86.4
460.2 99.4
472.1 113.1
482.2 128.1
491.4 143.8
500.0 159.8
499.2 177.7
496.2 195.4
493.2 213.0
489.9 230.6
485.5 247.9
480.2 264.9
472.2 280.7
464.1 296.4
454.7 311.3
444.8 325.8
434.4 339.9
423.8 353.9
413.0 367.7
401.9 381.2
389.6 393.4
376.4 404.6
363.0 415.6
349.5 426.4
335.9 437.0
321.5 446.5
306.5 454.6
291.3 462.5
275.3 468.3
258.7 470.5
242.0 470.7
225.5 469.2
209.0 467.4
192.6 465.6
176.2 463.0
160.1 459.8
144.8 453.9
129.5 448.0
114.4 441.6
99.7 434.3
85.9 425.7
74.2 414.5
62.9 402.8
53.0 390.0
44.7 376.1
37.5 361.6
31.2 346.7
25.8 331.4
21.6 315.7
17.9 299.9
15.8 283.8
14.8 267.5
14.4 251.2
16.6 235.0
20.9 219.1
26.7 203.6
34.6 189.0
43.3 174.8
53.4 161.4
63.9 148.3
74.9 135.5
86.9 123.7
99.6 112.4
112.6 101.5
125.7 90.7
138.9 80.0
153.9 71.7
169.0 63.6
184.5 56.0
200.3 49.2
216.4 42.9
232.7 37.0
249.6 32.8
266.8 29.8
284.2 27.6
