186
230.0 13.4
237.5 14.0
245.1 14.8
252.6 15.7
260.0 16.9
267.3 18.7
274.6 20.4
281.9 22.3
289.0 24.5
296.1 26.8
303.1 29.2
310.2 31.6
317.3 34.0
324.3 36.5
331.2 39.2
338.0 42.1
344.9 44.9
351.7 47.9
358.3 51.2
364.7 54.7
370.9 58.8
376.8 63.0
382.6 67.5
388.1 72.3
393.4 77.3
398.6 82.4
403.8 87.5
408.7 92.9
413.3 98.5
417.6 104.3
421.7 110.3
425.5 116.4
429.2 122.6
432.8 128.9
436.3 135.3
439.7 141.6
443.1 148.0
446.4 154.5
449.4 161.0
452.1 167.7
454.6 174.5
457.0 181.3
459.3 188.2
461.5 195.1
463.6 202.0
465.3 209.0
466.6 216.1
467.4 223.4
467.8 230.6
468.1 237.9
467.6 245.1
467.0 252.4
466.3 259.7
465.5 266.9
464.6 274.2
463.5 281.4
462.4 288.6
460.8 295.8
459.2 303.0
457.6 310.1
455.9 317.3
454.1 324.4
452.1 331.5
450.1 338.6
447.5 345.5
444.7 352.4
441.7 359.2
438.6 365.9
434.9 372.4
430.7 378.6
426.3 384.8
422.0 390.9
417.4 397.0
412.9 403.0
408.1 408.8
403.1 414.5
398.1 420.2
392.9 425.8
387.8 431.4
382.6 437.0
377.4 442.5
372.0 448.0
366.6 453.3
361.1 458.6
354.8 463.1
348.1 467.1
341.2 470.8
334.2 474.3
327.2 477.7
320.0 481.0
312.8 484.2
305.4 487.0
298.0 489.7
290.4 492.1
282.6 494.1
274.8 495.7
266.8 496.9
258.8 498.0
250.8 499.0
242.7 499.7
234.6 499.9
226.4 500.0
218.2 499.9
210.1 498.5
202.0 497.0
193.8 495.3
185.7 493.3
177.7 491.0
169.8 488.5
162.0 485.4
154.2 482.2
147.0 477.7
140.2 472.5
133.5 467.2
127.1 461.7
120.9 455.7
114.7 449.8
108.7 443.6
102.9 437.4
97.1 431.1
91.4 424.6
85.8 418.1
80.4 411.4
75.1 404.7
70.0 397.7
65.0 390.7
60.1 383.6
55.5 376.4
51.3 368.8
47.3 361.2
43.4 353.5
39.6 345.7
35.8 338.0
32.1 330.2
28.6 322.3
25.2 314.4
22.2 306.3
19.5 298.1
17.6 289.7
15.9 281.2
14.5 272.7
13.4 264.2
12.4 255.7
12.1 247.1
12.0 238.5
12.2 229.9
12.8 221.4
14.0 213.0
15.5 204.6
18.3 196.6
21.1 188.7
24.0 180.7
27.5 173.1
31.2 165.6
35.0 158.1
38.8 150.7
42.7 143.3
46.8 136.1
51.1 128.9
55.4 121.8
60.0 114.8
64.6 107.9
69.4 101.2
74.3 94.5
79.3 87.9
84.6 81.6
90.0 75.5
95.5 69.4
101.0 63.3
107.1 57.8
113.5 52.9
119.9 48.0
126.6 43.6
133.4 39.2
140.4 35.4
147.4 31.7
154.7 28.5
161.9 25.3
169.3 22.6
176.7 19.9
184.2 17.5
191.7 15.4
199.4 14.4
207.0 13.8
214.7 13.5
222.3 13.2
