175
270.5 1.4
279.3 3.4
288.0 5.6
296.7 8.1
305.4 10.7
313.8 14.0
322.2 17.3
330.6 20.7
338.7 24.6
346.8 28.6
354.8 32.8
362.7 37.2
370.5 41.8
378.2 46.5
385.9 51.2
393.3 56.3
400.8 61.3
407.6 67.2
414.1 73.5
420.3 80.0
426.4 86.6
432.2 93.5
437.8 100.5
443.5 107.5
449.1 114.5
454.4 121.8
459.4 129.2
464.0 136.9
468.6 144.6
472.9 152.5
476.8 160.5
480.2 168.8
483.1 177.2
485.9 185.6
488.1 194.3
490.0 202.9
491.6 211.7
493.1 220.4
493.9 229.2
494.5 238.1
494.4 246.9
493.1 255.6
491.5 264.2
489.6 272.8
487.8 281.3
485.8 289.8
483.7 298.4
481.6 306.9
479.4 315.3
477.1 323.8
474.4 332.1
471.6 340.3
468.5 348.5
465.2 356.6
462.0 364.6
458.6 372.7
454.8 380.5
450.6 388.1
446.5 395.7
441.3 402.7
436.1 409.6
430.6 416.2
424.7 422.5
418.6 428.5
412.2 434.2
405.7 439.9
399.2 445.4
392.0 450.1
384.6 454.3
377.1 458.5
369.6 462.4
361.9 466.2
354.2 469.7
346.1 472.5
338.1 475.3
330.0 477.9
321.9 480.3
313.7 482.7
305.6 485.0
297.4 487.2
289.1 489.1
280.8 490.9
272.5 492.5
264.0 493.4
255.6 493.6
247.1 493.3
238.7 492.8
230.3 492.2
221.9 491.3
213.5 490.3
205.1 489.2
196.7 488.0
188.4 486.6
180.3 484.3
172.2 481.8
164.4 478.7
156.9 474.8
149.4 470.8
142.0 466.8
134.8 462.4
127.6 457.9
120.7 453.0
113.9 447.9
108.0 441.9
102.5 435.4
97.3 428.7
92.1 422.0
87.0 415.2
81.9 408.4
77.1 401.4
72.2 394.4
67.3 387.5
62.5 380.5
57.8 373.4
53.2 366.2
48.9 358.9
44.7 351.4
40.8 343.8
37.0 336.2
33.5 328.4
30.1 320.6
27.0 312.6
23.9 304.7
21.1 296.6
18.8 288.3
17.1 279.9
15.6 271.4
14.8 262.8
14.1 254.2
13.5 245.6
13.2 237.0
13.2 228.4
13.8 219.7
14.5 211.1
15.5 202.4
16.5 193.8
17.8 185.2
19.3 176.7
20.7 168.1
22.8 159.6
25.0 151.2
27.6 142.9
30.8 134.7
34.1 126.6
37.7 118.6
41.7 110.8
45.8 103.0
50.3 95.5
54.9 87.9
59.6 80.5
65.5 73.8
71.5 67.4
78.3 61.6
85.1 55.9
92.3 50.6
99.7 45.6
107.2 40.9
114.9 36.2
122.5 31.7
130.5 27.5
138.8 24.1
147.1 20.8
155.5 17.7
164.0 14.7
172.6 12.3
181.3 9.8
190.0 7.8
198.9 6.0
207.7 4.4
216.6 2.9
225.5 1.7
234.5 0.8
243.5 0.4
252.5 0.2
261.5 0.0
