61
223.6 26.5
245.6 29.5
267.2 34.2
288.9 39.0
310.5 43.9
331.6 50.7
352.1 59.1
370.5 71.9
386.8 87.3
402.4 103.7
417.9 120.1
432.6 137.3
447.3 154.6
459.8 173.7
468.3 195.3
473.5 218.4
477.2 241.8
480.7 265.3
484.0 288.8
486.9 312.5
483.4 336.7
478.9 360.9
471.0 384.6
461.2 407.8
446.6 429.0
429.6 448.7
409.8 466.1
388.6 481.9
362.6 489.9
336.4 497.1
309.2 500.0
281.8 497.5
254.4 494.7
227.1 491.3
200.0 487.1
173.4 480.0
152.4 462.7
131.7 445.0
112.9 425.7
94.5 405.9
76.2 386.1
58.0 366.1
40.2 345.9
27.5 322.6
16.9 298.5
8.2 273.9
5.0 248.4
5.8 223.3
9.6 198.7
14.7 174.5
20.7 150.6
32.5 129.8
47.6 111.8
63.7 94.9
80.3 78.6
98.3 64.2
116.4 49.9
136.8 40.1
157.6 31.2
179.3 25.4
201.5 24.4
